0.13373793865065764
0.039730929225107126
-0.5389763903463951
-0.4077403260661807
-0.17415273010793264
-1.708056732406766
0.14648250978491006
-0.37264957503851903
-0.36072915226379365
-1.6887243664270084
-1.0588862110528225
-1.8899469769168356
-1.4169977491478365
-0.39947480370827826
-1.555070891679292
-0.9612320453651773
-1.2490924878318097
-1.2070850890271512
-1.622494466588936
-0.39479771281249754
0.00977561553912043
-0.7934067661232174
0.19922836034817415
1.0151922459857516
-1.6349379516710352
-1.174295771648291
-1.5355299439887773
-0.24124014618875478
-0.7510450810062412
-0.7614190680224158
-0.1712300486150813
-1.5736043161341904
-2.0926878110600384
-1.161308693680887
-0.3256406236714753
-0.7878940853637326
-1.2193955234256926
-1.2263432090193938
-1.1872496694135144
-1.029722204995661
-1.0378591094424294
-0.1836278917173253
-0.8975069857742195
-1.7390887427104982
-1.6107420095133653
-0.8476259007684508
-1.1307942758764238
-1.2537572282107874
-3.387633830011972
-1.8898321300552894
-1.1682662122593552
-2.069194472672505
-0.9616812396291454
-1.4416861027935894
-0.9889561547859849
-0.8326271421467659
-0.3529571914066061
-0.8075918588931832
-1.0009325130953766
0.22451329462075265
-1.2792420082744824
0.0823711639982343
-1.7704169656125333
-1.6494367415469018
-1.098642051020195
-1.6667693198259128
-1.4244698564659357
-0.8973580619014765
0.022659295040775795
-3.7407646375706314
-1.188836054199693
-0.4399911598521391
-0.5839996590317718
-0.5335263862037163
-0.5452633062211936
-1.4580107663411042
-0.26879107913816824
-0.884762144564764
-1.7874190419264915
0.5278833954663362
-1.087439324634886
-2.754302275673396
-2.2580700605802555
-0.895381750168649
-0.9130001620219765
-1.767694181541863
-3.719286155555702
-1.92733999129816
-1.366087836941005
-0.6669821679985048
0.1605557646448439
-0.3753727146732597
0.19129069422282363
0.5341594427150045
0.11645513931411955
-1.3232590596116935
-1.1398979143132348
-0.9616812396291454
-1.1682662122593552
-1.3182521567851362
-0.028953956051733343
-0.793940760824956
0.602866461130559
-0.706164126567149
-0.5752026578217908
-1.2660648469358229
-1.3567718286329544
0.1686315641058478
0.48802780091591624
-0.5106774614865546
-1.4890396322883994
-2.8162736141068656
0.7841180482671999
0.2843916452983155
-1.864918709219424
-0.4161512428893097
-0.4699661539318605
-0.797358062232508
-1.4416861027935894
-0.14808517320784986
-2.6244719296891836
-1.706171086068922
0.07508761611355208
-0.8337230126582771
-0.7937193363676585
-1.2258960217825488
-0.25299814596532944
-0.9689784329153039
-0.5654817850946783
-0.49485808381268725
-0.9889561547859849
-0.8326271421467659
-0.8075918588931832
-0.3529571914066061
-0.7639671305000384
-1.613663509821201
-0.17906063593463095
-1.4838011794963712
-1.008510077315906
-0.8731521848146802
-0.3666200698937754
-0.513316658993324
-0.8825863900749784
-1.1616418030209452
1.388399897533791
-0.31277847351633437
-1.6090569265953416
-1.2792420082744824
-1.4246496136457427
0.025848332424375897
0.0823711639982343
-1.6494367415469018
-1.098642051020195
-2.0512365700924864
-1.2168570388150184
-1.2307848648926756
-2.758761504074645
-2.7132017952669383
-2.430279274997078
-3.471485604969046
-2.0690398874121816
-1.490198134710191
0.0023592823658518114
-2.734163777120713
-1.9967953606131967
-2.3828315909550875
-2.324615851209038
-2.377617965765543
-1.8400280968598146
-0.9095694912339845
-0.09192156153566433
-1.074746018635583
-1.097445498382907
-0.4104360329552783
-1.0059952648149402
-1.0568708081287674
0.4146300836216952
0.0231782493545154
-0.3980396661072376
0.39054729545822653
-1.7132281025823535
-2.11565809184969
-0.2494704498223861
-0.4509124351869822
-0.8942435976476819
-0.09931936019146193
-1.9401336356965935
-2.4194708105494573
-2.399152492098645
-2.325892280880426
-2.979018338955531
0.005720606598412115
-0.2939438627019073
-0.10236099829083534
-0.010797617799429116
-3.8400703177596553
-1.4369463117183137
-1.6970868194614521
-0.2753900887603642
0.8269001950664681
-1.2642577722012351
-1.6331096101515108
-2.7339701176622544
-0.6393860415179358
-2.5953194788522307
-1.054898727088931
0.09231560566393249
-0.09840270912908977
-1.0415206109872859
-0.09357155211411339
-0.2554258871079025
0.7456845070480309
-1.8922549734897354
-2.0514100599894207
-0.16778306921579533
-1.995074796916871
-0.10783262214784184
-0.6846940538942761
0.2666105766145268
-0.1500256648705225
-1.8284315874768673
-2.044631695551127
-1.3744885686743231
-1.1810174026645281
-0.4509627096737123
-1.7232062347527224
0.24622626521377633
-2.6270141171285903
-0.9959962461365635
-1.5874591967238878
-1.807554730641769
-0.3603306109909248
-0.6235555562865223
-1.0720636488116457
-0.9371546151478629
-0.5976760411654651
0.5628343327871512
-1.6864159428898269
0.4887250690290621
0.4503116525965716
0.18758063447066853
-0.9837872565422652
-1.6994614014742293
-1.3971601124583817
-0.6594032260737315
-2.712539556687503
-1.435808808264838
-2.125877427103874
0.11587063871846492
-3.396014586268155
-0.2300532292650015
0.6382856445627301
-1.4630759540778904
-0.05578888692480355
-2.462680782818838
2.250768967655439
-1.3926346219725847
-0.35032956479913757
-2.0102721644850465
-0.45331202807993876
-0.9412942733655885
-1.140817813603487
0.11726382179136063
0.29471308262660045
-0.0549336750799565
-0.9169310017393855
-1.7753548729678386
0.04510204013600738
-1.9971989210713454
-1.944752940806681
-2.141667418909721
0.300089941096894
0.1592429714580863
-2.067212577813023
-0.7094838073554897
-0.8529305842593997
-1.0009325130953766
0.48347499104270497
-1.9482755412200214
-0.18277150029943634
-1.9913354453584944
-1.145239961375066
-1.0076436138446658
-2.416796099295386
-1.3893458068211881
-0.47128375334025385
-1.8813901914612572
-0.797229936689595
-0.4906639139244624
-0.4013444883092756
0.3821582959267795
-2.342352678803387
-2.4451884059650304
-2.2844429563156385
-2.1763417145054014
-0.35576440916127794
-0.012408922543157175
-0.6109260181624805
0.3319080657531206
-0.24493983962455879
-1.0412980802320142
-1.700929454968513
-2.9766283976047703
-1.5541917010903763
-1.139748406469554
-1.352094385161224
-1.4358519096902276
-0.8919781540466047
-1.5130918247320029
0.5963466547758038
-0.45564162481927895
-1.411806888966133
-1.5594142470711922
-0.9231422170268697
-0.6501055395299566
-0.6169157119592015
1.086983030713185
0.8706948778273089
-0.4236840236425392
-0.1384081170844187
-0.08781463190496996
-1.8730299342926102
-1.1260578664097203
0.04361350192362323
-0.6247358783887424
0.3718536230635614
-1.0275780281127584
-0.14073501599844285
-1.4842884934356801
-1.820408681303233
-1.0853036771431057
-0.6844633881067086
-1.7406249082843317
-1.5268337949099697
-1.3486406102685198
-1.3764620687371565
-0.15651870036564297
-1.0517594167248063
-1.0551993966737943
0.08859233896330387
-0.7740040185551589
-0.7825141147374595
-0.4040993656934324
-0.2979904686903163
-0.07635894397630949
0.014194919728013566
-0.7060109100222363
-1.5453884993886735
-0.9549446245779505
-0.4001258188731356
-0.02521616073390387
-1.5371289903996104
-0.06505056601465498
-0.9209916105616318
-0.7606851994890125
-0.04655552328223678
-0.9823150546733075
-1.418217822589182
-0.5613833777387569
-0.512128032687567
-1.913706070311612
-2.4181941900433257
-0.7293042145454436
-0.3381780717957472
-1.3884738719854681
-0.9971508576857921
-0.9084823623866778
-0.8870829608295394
-2.5886414702552027
1.1743415414257878
-2.561791601130019
-1.824405889679702
-1.0777479052824521
-1.9421604110176647
-1.5193583194868943
-1.5818591742967572
-0.663598005646099
-1.0283294572925925
-1.4738570574318963
-2.1100161207426984
-0.42918051454638606
-0.5306213947840286
0.49555310889149595
-0.8488510693634268
-1.8271051289243054
-1.3638728509407256
-1.38271425005901
0.9322868108597522
-1.5196522556570624
-0.06803246446829547
0.06601540414559715
0.27613388988722143
-0.9840642954868333
0.4352991260620751
-1.0891268880731833
-0.9228190051704797
-0.6586137517326947
-1.002646407118311
-2.0572383540424894
-0.5859072935301857
-1.3579642486445316
0.6250907967410271
-0.6834556467684152
-1.31312746141798
-0.2900884233436827
0.16554900012323603
1.5145734815803706
-1.2754996056168286
-0.829809510067026
-0.5418769004954918
-0.8057941740193222
0.3170268339250022
-3.032784828084779
-1.4046057976326018
-2.085801745724104
0.49408196806127513
-2.5488717230238525
-0.724139432318438
-0.5468262933564949
-1.3227474935050836
-0.1813922838611095
-1.8521414560732925
-0.5457597479298892
-1.6337777764235
-0.6316499970265896
0.2604082935333949
-1.1207741600122194
-2.2234403341538247
-1.1045145560447311
-1.7660857511278625
0.6134009927665449
-0.6766660917161329
-1.6744492534943616
-2.0885663037170996
-0.6160169001442419
-1.1562978584405847
-0.46392029034917215
-1.4766997784649378
0.5276950062648735
-0.687008353394627
0.8766020628821174
-2.218633249809365
-1.5195704067560545
-1.39317665142201
-2.103180306017329
-2.086913046167995
-1.7441176115239152
-0.5149905740432583
-0.7723895019243847
-0.6734054407932684
-0.11243812900097971
-0.9784040407350272
0.6518094177863629
-1.8071928845705911
-0.78067534947703
-3.1804365810885393
0.841162294496872
-1.5269364680719733
-0.856512705653028
-0.19392705957361844
0.8837138946082241
-1.656427959284791
-0.2455991418650849
1.2470988918079415
0.3814081285251403
0.3970413226290024
-2.2043588330483423
-0.7777047195662519
-2.5683223182890575
-1.6991994878280812
0.07848967508024929
-2.21871858943914
-2.2467418818251588
-0.4372360579711634
0.040547146549066326
-2.0937454476588275
-1.3643739063095648
-1.5577944466361124
1.4578259275575043
-0.17535244629618063
-0.94053805087899
1.2170301386824391
-0.09692618695898858
-0.8130188021433398
-0.7726301588559323
-1.681787771565502
-0.9023701474083561
0.6727445952179263
-0.6593032654497981
-1.8325420527198633
-1.6202890450642915
-0.8686035941425398
-1.1396206341011954
-1.0180056056715774
-0.8814070061520773
-2.032075130862104
0.2781083115157177
-1.5245736293721421
-2.4111315454133173
-0.47286088040403307
-0.6146972324657671
-1.370237599476166
-0.9250158278781786
-1.0234980460228957
-2.5293426546490743
-1.2558336679302613
-1.8143588806117616
-0.44943126934091815
-1.047707228757572
-1.679718968899346
-3.469986088527598
1.4160942528684437
-0.5138120299435709
-1.5154846570108047
-0.3129751691581859
0.18876532730700113
0.702804286038754
-1.2990214572053116
-0.7754821718767388
-2.2885122444585004
-2.99782902658567
-0.5959689358568845
-0.9924582919361931
-1.2634013010533303
-1.7016985758718537
-0.6997681241322793
0.8460197100741436
-0.2538324402119043
-1.4152110160619618
-1.0602278989876197
-0.16912630978545717
1.3091143867378996
0.5459770044373267
-2.5266173415523756
-1.2806527886029233
-2.063609997192277
0.86184985410382
-0.28244740441594907
-0.3933633131588472
-0.1416763258620417
0.4543878884908885
-0.08145458392692806
-2.4869344352229934
-3.493203590527921
-0.41673111225854065
-0.8393422133574919
-1.1740780042696066
0.2540422591217144
-0.31424337698759164
-0.6847323458371575
-0.5586684370138935
-2.3213819964632814
-0.323515397965227
-0.8689410818595351
-0.59830996902949
-1.0377990642060047
-1.7563931601582565
-1.4700615197598235
-0.039680612664215076
0.6306392100328804
-2.271784871623412
-0.5912468870026251
-0.4055305533788296
-1.956517379644108
-2.2690635163313577
-1.259232112732509
-1.0834119006476013
-2.7787186468033855
0.6067463418057688
-1.8146301959180082
-0.5535806390569968
-1.3448124248071736
-0.043102983516243754
1.227840783134555
-1.6753971258944542
-0.4128106119562247
-1.9257294995900551
-1.3533810703790525
1.7095264985728136
-0.5415449924181868
-1.7882693019014084
-1.1035562062655302
-1.200430565206025
1.9502731085626595
-1.2337735222517896
-0.9544558174521982
-0.6742139812528545
-2.6439760693801864
-0.8128950738373861
-0.41004203944438355
-0.3784353986702911
0.4728967976403098
-0.2200812326325039
-1.145847098883174
-1.3790845446080073
-2.5484331365948596
-0.4401888447757436
1.2099083212131614
-1.808831371593766
-1.0734606262904816
-0.1786868596855271
-3.1293384195143084
-0.22835563544488746
-2.235083344664355
-2.545244372500548
0.7025898730080247
-0.188864460582451
-1.2926720271129106
-0.10575155042178608
-2.2664478816559175
-1.1082303592343985
-0.003787026735157184
-0.8825600677604406
-1.9320906372621423
-0.8869934821524166
-0.5899714807363807
0.8691163029328326
0.03954357702479161
-1.365001891721842
0.5871526761716135
0.7417963214315808
-0.5928098637381147
-0.6686045282922151
-0.35686540727710003
-1.2631705252440888
0.1870444289019173
0.15884061834030305
0.8700641696376943
0.63652695981318
1.4439387168641158
0.25978260092235317
-2.339624051581003
-2.4044147340204116
-0.14478623837305626
-2.119266503991665
0.6334089332639952
0.5796707062726831
0.2585572040484667
0.4743391257795708
-1.574701044956262
-0.16661003610579472
0.506331753198987
-0.871229498491962
-0.39387878962476464
-1.7170129227733835
-1.987574176050515
-0.667362197807889
-1.3202949927449703
-1.0874720202250394
-1.4921606663661278
-0.42838222802390646
-0.7432169903383237
-0.06294745821890713
-1.6165094132769315
0.9477197707442171
-3.5247184139576166
-1.4656594239703158
-1.2934644028565052
0.07503814086159832
-0.08926207678579345
-1.1799685534834836
-0.26929126687032046
-2.592112767296948
-1.2213240789047788
-1.2172166484909468
-1.0033955322254826
0.413443669650837
-0.6011078522285294
-1.3552353801377963
-0.5221778187139137
1.2546006263757938
1.0596526489387141
-1.2118602964301433
-1.1278587183086817
0.5156430103421652
-0.7958543423184743
0.08008200382297659
0.6893240175182314
0.20516041204383662
-1.1443943999252966
-3.926006244336076
0.8218331211007168
0.0988710714020491
-1.4628254961448803
0.026703292449330007
-0.24300550252505282
0.5488846639577254
-0.39438677178077697
-0.6062448128019717
-0.5272451434626912
-2.3250517099996175
-1.8334780396597523
-1.071784675362637
-0.8845053981711088
-0.3886642734511234
-1.1940737868745046
-0.30379667874535077
-3.9605193717578375
-2.167769501107779
-0.3854194365919996
0.19915514479236007
-1.368708646214177
0.15429205077751362
0.118914261567868
-2.39165232563173
0.17070414253575028
0.1123052010166603
-0.9253723387675414
-2.23834474686478
-0.5668765389342771
-0.30643073425850753
-0.7816232658183782
-1.763345076587603
-1.0673569125410403
-0.6258730905907992
-1.7206274374590569
-0.8319024837845381
-0.07628201981142624
1.5973569176389466
-1.981438018002291
-1.7388905431877415
-1.63423495014122
-0.40270854592284344
-1.2267706447579099
-2.046574560422111
-2.325094389174806
-0.7210536318124277
0.509463537099941
-0.7566520621151938
-0.6408571875460245
-1.5951947733111025
-0.08304653003863294
-1.7898945068560144
-1.1001539343171807
-1.3822635881463086
0.03024811440141173
0.39321385704554856
0.09281095726271715
0.03742474370112525
-1.7173665089546044
-0.04070806641556146
-2.017344733734646
-0.5927845677719867
-0.7319053521220635
-0.49342042491691984
-0.6665608397551255
-1.8956395561424877
-1.8745392658075435
-1.3997238464082145
0.8984760541866939
-0.01586462107352915
-1.3193782885946732
-0.008223338892591414
-1.0457003671717073
-1.820292666417
-0.4275980870183975
-1.6817519946169437
-2.1042054843897064
1.189006235814053
-1.81151548296004
-1.8300752993369942
0.2302235154129546
-0.4969757577306826
0.7085580910851075
-0.4953898250416602
-0.4855873953020655
-1.1804047838663045
-1.301163618527367
-1.3471489780556665
-0.7026090846679511
-1.567456264411657
0.46832761132457
0.0556964478257278
-2.4409211391391485
-0.864150803981083
0.7344532643541299
-1.4655412883793542
0.807613035285371
-1.4843162611331202
-0.2380956868878772
-0.5129413407398076
-0.9047015511795342
-0.9335834588013814
0.3956061756040423
-1.4446655221904892
-0.018388826689188953
-1.8987976063274559
-1.7592632226062337
-0.8314486179336233
-0.4787453015937322
-0.8236370201703607
-1.3416968250627708
0.5213390959448283
-0.5124629729492187
0.8353045696937627
-0.17594749477151161
-0.49392074513418827
-0.3031826648074478
-1.1068892709474074
-0.23029711130392094
-1.944172117818706
0.4504134089386884
1.1172401261243543
0.8428170198055671
-1.881159844401025
-1.0337331296966243
0.3885462741592747
-4.021312875252878
-1.4637475544717002
-1.5753171560607075
-0.4836784879847249
-1.1755581470565915
-0.30274206251609925
-1.5669255603997403
-1.8224189892214544
-0.2602671555111211
-1.268213254179857
-0.047937061972580075
-1.1446272030350038
0.2609041970235353
-0.3699496201277377
-0.7075615630748029
-1.3844481650648772
-0.707224228124316
-0.4447302752427422
-0.3748617478694367
-1.804636439236253
-2.3727782943141316
0.13429709537296297
0.7303138497073878
0.7081041780257635
0.22987930450401217
-0.46380859184674694
-1.552580593986749
-0.7366530594176233
-1.3245496766305918
0.045323888327954975
1.7400180144864823
-0.6275041358426368
0.7117376692943829
0.38632819771317983
0.3128783771094774
-0.9866652495238384
0.13677650643977124
-0.25887274943982863
-0.16211101201249178
-1.471841600571846
-1.5056032334900635
0.14630255757960064
-1.93018989125307
0.029044668021676934
-1.135150170011435
-0.6924796283563452
-0.8004763948672071
-0.5417120001005484
-2.675182435474462
-0.5090622790066597
-2.7690079160495564
0.8402860979339843
-0.28474289197992064
0.5496749327904862
-0.46789048748030737
0.024559703281593626
-0.5573129888461015
0.19039585614736687
-1.2533851783546082
-1.80151030821116
0.2543661404809896
-0.925448006396012
-2.637782394276302
0.4751614612862234
-0.22693650844250612
-1.7168763722641462
-1.4522681645529083
-0.4910848973271946
-0.9650011025548331
-1.341112482458037
-1.384448424151333
-0.7903822254768471
-0.2215106626223129
1.2900312978809758
-1.7251355567419466
-2.0896570235686847
-0.9987607848478488
0.8201262153863365
-0.43579900499139335
-1.8682106096395508
-0.15454665780629284
-1.0034807772085799
-0.4687997336880141
-1.081264680384403
-1.2365675777769631
-1.7997221338295786
-1.017276678133534
-1.6550212069266657
-0.32840163553997215
1.1150311469195175
0.8165344767015057
-1.4226734405267907
-0.7220849163824994
-1.0169984506810934
-1.4364973995927688
-1.9865093879723403
-0.639776844105322
-1.2320065367771473
-1.6315294750825995
-2.0660047591104966
0.030414358653114704
0.11458522302064189
-0.32982608720335094
-2.238077419559348
-1.0577340701024838
-0.6609493273950862
-1.629470757795156
1.7961870269365292
-3.100735973522041
-1.1938053976744771
-1.1581151356720518
-3.5087636529086828
-0.5809056009761306
-2.1507862794027632
-0.5347205443878336
0.9912446688095295
-1.8451206946662637
-0.789051855396703
-0.5819684877916043
-1.751923595807252
-1.7457896128219677
-0.9167050164008752
-0.8828831292164114
-0.6219660893385868
0.002438885077827635
1.369655251005776
-0.1838916751184536
-1.290531414633156
-2.071770410615339
-1.163728780164
-0.2444083758667719
1.7913387142734887
-0.512707802977463
0.8371106309555127
1.071431748196916
-0.5123291040641309
-1.24093404215977
-0.7633551742763736
-2.2371856840670556
-0.8553433523766456
-1.503836285963403
0.3402754941573498
-0.6194121065080287
-0.8091537418799444
-0.9549371898559755
-1.2553903269860787
-1.3059797717586044
-1.0145267897599428
-2.868385312069238
-0.36280849247243374
-0.2067857463978271
-2.751145302478207
-1.1439323401687105
-1.0506496825194702
-1.2309297251613298
-3.5977652079825164
-0.24291007733196324
-0.5252781331892855
-0.6802789801588922
-1.411466831386016
-0.1641313546968597
0.22934092869450495
-0.8709062289383436
-0.7343783128666033
-1.083645030287868
-1.8704746379799442
-0.22954061840282236
-2.369476731761867
-1.2818453671476853
0.884832221171493
0.21611988354276201
-2.3875305239778672
-0.8790694050413048
0.7536840810979326
-1.146753991475511
-0.8679864805859943
-0.5352413456896521
-0.9747440874433053
-2.4735528373782856
-0.12354648870390017
-1.1862827169212746
0.24729651374152617
-0.7325245009790438
0.13955611502491916
-0.6284635838941828
0.5722565191173823
-2.204611580838611
-1.9466143299722019
-2.197476340092175
-1.6277609864825777
1.1876901141731375
-0.34710450190629594
0.46763464873282334
-1.326420166063346
0.11965284792474495
-0.9815020224704485
-1.6821885941297463
-0.4142472866404052
0.03764471372224554
0.41668411957224816
-2.164281428356431
-1.017458349644114
-0.17227095261293268
-1.8203941186061439
-1.2031132333029064
-1.77097725453857
-2.5071172713244447
-0.9171901871476908
-0.5556451335493655
0.6724107545094036
-1.6822661370735332
0.2619764671719067
0.23726429575089014
-1.4154638815832161
-2.1131709188017602
-2.0836092194988574
0.49229567074592584
-0.6057196849896513
0.057812092292220285
-2.746674724637373
-0.3631067177808054
-1.9806535373904914
-1.062929392166505
-1.5803590662414386
-1.6686243455932939
-1.8006406529787837
-0.8089057606694894
-0.7782981301309428
-1.0666070966049883
-1.598203989748587
-0.7118655423632871
-1.0355350481145784
0.753829265519955
1.0154409285902855
-0.3400232528944187
0.9264273103940006
-1.3747315124647557
-0.11170613653074213
-1.6408922683249951
-0.6929882816032418
-2.758224899771049
-0.8536781872880557
-0.8763859317074294
-0.8572037134963377
-0.9985684333868416
-0.7052708077062722
-2.093579738297198
-2.6088351017995537
0.5965048973364588
-2.966188457054975
-1.297742185525255
-2.3061988239983204
-0.40758724657905443
-1.4846768045062113
-0.8912440618886608
-0.22465019770051775
-0.9956977293706535
-2.1221051126075388
-1.2941215188397805
-1.8331629661270332
-0.7573569126552124
-2.30425204126737
-0.9272754323006245
-2.151177656861318
-0.8270468962540132
-1.093885832028442
-0.3429203639922198
-1.451826535853991
-1.3672063509131522
-1.2452942400004297
-0.566510457863771
-2.189738390570847
-1.6609689457351111
1.6100789607766863
-2.236132179560606
-2.883675071136784
-1.051347567992229
-2.068504010428099
-1.062658040053793
-0.5856412508233415
-1.2043931702586157
-0.8914611912638719
-1.5673466612581883
-1.5532633505833378
-1.924679234572766
-0.7749012804693951
-2.116407056063867
-0.9130970824806148
-1.5592932482184736
0.16902481882346
-0.2510269570669603
-0.039504879093128054
-1.6000003407004937
-0.8381303000153935
-1.5742778091091694
0.30077301122297806
-0.35338082859394504
-0.6915415474372928
-0.3388530057453134
-0.1173731830288558
-1.297011589804364
-0.6267704037645228
-1.425714164178011
-0.47087848733259285
1.0059337499280998
-1.729893045936608
-0.6602092211732185
-1.9162923089634472
-0.8230490170651166
-1.74128149400743
0.29071015819387114
-0.28450536354028344
-0.26182425884442395
0.40606333620409885
-1.0647877033778252
-1.9661955513343434
-1.911293834138542
0.333687183024729
-0.42632165101926645
-1.3402239399200968
-1.9552112317903045
-1.6173964460145225
-1.1662742514936535
0.20767350461749512
-0.9597052648082176
-0.39893869416272487
0.8190659659696244
0.6370002485185111
-0.8057531563743288
-1.5501612558023048
-1.4112051558951109
-0.04661167268805855
0.30968232206202373
-2.443205120892909
-1.123582993883761
-0.22031573749189448
-1.3596229998968967
-0.7369441529785901
-0.8121560399308656
0.5764988504043327
-1.1477911775699994
0.904110729353409
-2.4390717265777653
-0.9850839135840639
-1.2242778126335745
-0.3871354863189307
-0.9120635501212018
-1.306332638703406
0.9820853285512179
-1.6240854579974213
0.6848594959368501
-0.6187535173151355
0.07409770646230474
-0.4099289290837298
-1.2468343890745448
-2.931174092378548
-0.7672262999928137
-0.32776716763586755
-3.2431352724991243
-0.57056972139923
-2.611808820818103
-1.7232951867541182
0.4517454801139351
-0.040689485479949994
0.0001945069430338009
0.23863423048000953
-0.7576004986084044
0.5186597718226302
1.3403113664040185
-1.667522113756931
-0.5861890399958121
-1.5751379996817079
-0.16545150869009717
-0.2936381620661397
-1.6242230734650898
-2.8213011057419406
-2.138064688830288
0.6517970695608222
-1.1522419984765486
-0.4885680112082271
-1.7297746899096182
-0.8259285092066673
-0.9882287929326408
-0.17151284909921127
-0.28604637154161194
0.000733484050343236
0.8196664140800232
0.9571084754702568
-0.5845560603465918
-0.17578417259930923
-1.5022293623202412
-0.28762195189182105
-0.09355275097620641
-0.30793553571888665
-1.2728266994725708
-0.4931058462347746
-0.9329269539871445
-0.7177981956310591
-2.5232122834250212
-1.088936670285694
-2.3292017050966374
-0.4185354569970059
-0.6908494651137662
-1.5817245796065782
-0.313704304865829
-0.345586066868953
-1.065827542629565
1.3732414488543245
-1.3686886271932952
-1.4673411090767239
-0.6950317475724255
-1.0116322801780875
-1.1929234471446453
-1.749750888268716
-0.045059470063296025
-1.3726023063010615
-2.2670898357168134
1.3459210764521812
-1.0168797645112155
-0.3458193094058437
-0.9074170398966217
-0.2636956170606357
-3.289942657530916
-1.5824845504065683
-0.5415861073752488
-0.11508505318630391
0.44188623740998345
-0.5791947589650057
-0.7050097705159097
-2.1943973603401936
-1.0952709663043452
-0.45359110505351197
-1.2022436479067187
-0.1686452262307654
-1.2605093400635354
-1.9633898649874642
-1.8438683887300176
-0.5377273609022559
-1.0945047167182054
-0.2716204082079763
-0.4859673396930866
-1.6882485131802998
0.8307459795309882
-0.3889759646189912
-1.571078180418933
-2.170591849565687
-0.5899773337974277
-0.9938697393402123
-2.2660045845455272
-1.8342161356381421
-1.4671786489871081
-0.8489037830817026
-1.0676502382275173
-0.4024168897696718
0.2375781149166456
-0.6714398532306687
-0.5817257211400255
-1.4786088831884179
-1.7421516339455696
-1.9053578387304135
-0.5191188347539981
-0.2568337290569449
-1.471384100747958
-1.018249282404958
-0.15987591778790033
-0.5101610987343426
0.08768287023132082
-1.2939763397952913
0.037569293975535434
-0.07274308525808948
5.251431097473298
2.048234798310867
1.9634170663944275
3.9909326963378993
5.151404993368995
2.4389396148446716
2.7641937957419893
3.1697715187267637
0.3779989050231105
4.181543796975295
1.8893575379735061
3.468688999433841
4.501767112018265
3.246414046059086
3.6121083268507155
3.728972689071287
2.053538802394552
3.175902173988427
3.8355477752181155
2.515901106706088
3.8412720114278622
1.974153961254478
3.1792876531102614
3.9039350857538677
3.0654832051467045
3.7086594834306776
2.3748485207971193
5.187284886500938
1.4481286441570802
3.3271251573455682
2.9448422318629897
4.385331607027929
3.5286303511075943
2.1198036464552406
4.449100261457978
4.304313803089702
3.5037092004767327
3.854345299844038
4.165782395304737
1.441343598063332
2.55526610066911
5.386481867905676
3.005352132097099
4.099689510532674
3.0193870285362543
3.7065558407504655
3.5025660183954423
1.185811112250148
3.402920756576563
4.132678520007516
4.426634488640147
2.234820888544828
4.201544016374256
2.9258715835697755
5.029755493212617
0.8843404474478733
3.6900448612536447
2.9161567197148397
2.611124295323757
2.0484462647379686
2.1285225149295264
3.1875947936207556
4.589666351936799
3.03766814810427
3.899606538265506
2.672885115188567
3.245114111659074
2.4021828213526986
3.329034306716286
2.895438592609503
2.3712668696987116
3.8346948852067086
1.4051122742453135
3.794515756743359
3.2457578890811494
3.1640113357061326
2.605112444621799
4.295156114476946
3.5041349053582262
3.0962682401643065
0.9458208364266483
3.102108797025892
2.993906583163419
4.594982913990888
4.050980405654629
4.938536074621124
3.3230789256932214
4.987594717527488
4.1747797486912415
2.9179600324094226
3.660106271675744
1.5639685535432992
4.200099874198322
3.500811939197769
3.0949346029164477
4.131314874351883
3.7462676599267866
2.673837871434378
2.936918281505581
4.466478828539426
3.3770524065725382
2.1126246876580943
4.059603338587904
2.6799073332419674
2.2979004248377546
2.852114003297043
3.7663454279797905
4.667920169596433
3.9317104264604232
3.5137500970374624
2.9249898036182675
3.405826124367069
4.403532065943466
4.143228625792862
4.583795746662291
3.436688146482629
3.219394339008595
4.08639515682348
2.3090739234818107
3.1328145067079225
3.1159268602009003
5.202816737594473
4.585608857292362
2.1252378707952095
1.205207713001121
4.653004152019767
5.015195960074696
2.998495640278156
1.848283504467819
3.807824625641903
4.093423480959234
4.167612096792476
2.120307819112769
1.063858054236011
2.5328590754440583
2.9558397093055824
3.8466937079768293
2.78513574370104
3.1927928482755688
2.1520729193462174
4.037812812421718
4.969075284018398
4.134124491015452
2.3126692757299807
5.417116167898653
2.39435669177814
2.8410100978427124
3.6960199485246683
3.8303278377214576
3.9606495037285043
3.847309780450539
3.9733229162123873
2.289447511600147
4.510775697608082
3.2900552977634856
3.985565917817592
2.592274655148225
2.66904727800733
2.2428456831544876
3.207787353405411
2.6153737017369236
3.8435504119049497
4.224157526129652
3.701971579697693
2.6568399505427323
2.685637478267565
3.066521954542541
5.409254701135573
2.5192504120810977
1.6667564145648956
2.795203852637804
0.4156184616443168
1.4716181580094307
2.4014867630124748
3.767478386417948
2.742050296169081
1.9146069621230746
3.434777955358496
1.4618209431018494
3.4781563431525946
2.894985212828076
4.173094416202983
3.7656295321203412
2.316194275542415
4.074020751502972
2.7535604229602075
3.8744947413883084
4.780554218161262
4.398338285541177
3.554878491577689
4.644886590978898
3.2911561990735683
4.729696603760245
5.2780333781888125
3.7054823771120886
4.039328451391885
1.8221743375087325
2.1555882883507316
2.5002888087930146
4.681738819772968
2.4270168831189673
2.684614028184555
3.9224121533278575
4.798638927577768
3.2520598996450136
2.7212299682076333
3.8592523278994837
3.194139295850743
3.1370187163840892
4.378757955819106
2.934044439344076
3.909878677839085
3.6021006746077084
3.784854297723313
3.0162547771212616
3.8055052429064027
3.9667927976917845
2.3677188177469706
3.808366858259852
1.5973002436781636
2.5703205876866133
2.99061410320404
2.953131159621341
2.406442685046496
1.8981077936067603
3.85753259597917
2.1866357523608126
3.177151692295716
0.8021454520570384
-0.057124295772120526
4.2514210852968395
5.753716772801624
4.348958588148696
2.2175408709341955
1.5170843948985961
2.8143265474706425
2.302157518963986
1.528179314347014
2.2963028774365064
2.5542268913246255
2.1579345693349214
3.3320550781176763
3.3514234110449213
3.845318098054342
4.358367484948656
2.149139792053429
2.69129480846345
2.8635897135585555
5.027559607681377
3.3131827386325323
3.8902142419486196
3.6384791657700717
3.0025019998428055
4.239009393142048
4.121636346440036
4.17316857800989
4.809970171206359
5.064049092110106
4.149099940449774
3.9236002988596255
4.803165645914364
3.0635004795630962
4.6895690330565
3.3886559749510017
4.060389515053788
5.011710462998318
4.3496600618221635
4.492733277443424
4.797195975795291
4.056120540810074
3.8783744368791897
2.976590031391627
4.413453402834445
4.002920989960151
4.002920989960151
5.272908385151573
6.365119920556198
3.4923161054770375
5.54114965845555
4.007562697555741
5.135107771665678
4.078106281602338
5.0804545747652305
4.849078469874018
4.73399983656669
3.311536622208637
4.7402725477299565
4.326489306273144
3.8272585375500636
5.3404596215148645
4.117216260004479
2.600989154241189
4.404172804910068
5.29904984417528
4.0289587815385595
3.7772007303890813
5.29643235780829
4.5454499720239445
4.037016524809894
4.461247643784537
5.18639015712391
4.237001621895683
4.237001621895683
3.981299286054398
3.750827104909754
4.762814979314495
4.2075980405119715
4.2137922656478075
4.925649381301635
4.433239799960468
2.9721913816624355
4.326839851633171
3.4321011282102027
3.656249362777597
4.210424411532117
5.599678901453576
4.049461278448031
4.36026005956206
