-0.14240448396441377
0.2853374327696045
0.04588815917853095
0.15809171825518803
0.06024354348749734
-0.2615148220848662
0.15977754589457865
-0.6600517958491922
-0.10904941102321868
-0.08650348846413024
0.6222980741516176
-0.333190069571215
0.1275975969655738
-0.36509598221674583
-0.5284749631551988
0.2753882036168402
0.1709408137677888
0.20800602874733395
0.2303581344623207
-0.2872604704805601
0.1580602056691497
0.23496042429462255
-0.5015258135738131
-0.7083705942646874
0.35794207310256204
0.6801992845166566
-0.26304335186077454
-0.16690868483310595
-0.02596929630357234
-0.2719928186447921
-0.03584395121584934
0.3553220038965962
0.5855125382211916
-0.6090304595493369
-0.2842277435527243
0.2244315804997182
-0.32455090278970833
-0.0993523745989444
0.06871635845450651
-0.25977480581907597
0.18035587866304764
0.03176299123251311
0.0005696034458621945
-0.3927943797258427
0.45757134030708024
0.21186806023099986
0.6323984252655116
-0.2498824942743211
-0.18316130530778663
0.35093376484215105
-0.39590061275074345
0.12794397638954652
-0.15276304820983094
-0.4849297429269975
0.03171748322930222
-0.06188902193508627
-0.025025345743358296
-0.12390414029665718
-0.28924569571705133
0.055153600129203374
-0.05423267677444536
-0.06269702365190291
-0.20101933575127803
0.26828017879852045
0.11219833151762312
0.06050891097081185
-0.37250718221804147
-0.04299076416168448
-0.4894762723241478
-0.19889096873454598
0.35258016748449805
0.18670907336678189
0.2585482048090175
0.4029946352929853
-0.18403391247590317
-0.5513160673111097
0.16503222219573271
0.16723178856676274
-0.26809517400135685
-0.11138505303313578
-0.037843868216953805
0.1708047041573078
-0.29526140512173904
-0.18644341059570624
0.07849020375287535
0.0157809369254249
-0.8153405135478782
-0.5705784196403452
0.3288105428571622
-0.277888637229895
-0.4423826431999886
-0.27791721479208975
-0.14298331079412188
-0.22331465569919295
-0.33465643317970956
-0.18279236343338184
0.03448885093978389
0.01663617430322885
0.006141376561568896
-0.5672385898810303
-0.6208142410689957
0.3599134882791615
0.14677195543027552
0.291883196290598
0.076252690824876
-0.7381580011327344
0.2935307203607832
-0.47829916492504565
0.5072042647327093
0.416369865891387
-0.11290635521288864
-0.48090209803427075
0.3184503893174731
-0.009503095926426591
0.11287008959332676
0.010512866663756178
-0.3677998197594769
0.7764625986681193
0.1390311163962853
0.0024580800481102776
-0.10941568718202295
-0.063351039975223
0.1453378285380924
-0.03360491074275704
0.1725484475199719
0.08311153714015893
0.06337981539731882
0.28748024919586973
-0.1921409039435584
-0.030818969697439188
-0.18723725014517245
0.2813296616590472
-0.29358089504576573
-0.041790525645222454
0.4635471967151289
-0.05810916953739022
-0.3443667688147146
-0.5635487521861858
0.055734054231941714
-0.4282118384018302
0.036946875095135265
-0.05270881337118219
0.05300781527170429
0.4858999104370396
-0.12694264071420844
-0.4774639061372711
0.5052875242414466
-0.6000457307723168
0.007688932859128687
0.39007630023370415
0.12158570275407096
-0.16188079731364527
0.16499168727146363
0.12240826558563718
-0.2680116019794732
-0.1781351495971894
-0.27317131422459495
0.5508576678256715
0.18069048954494538
-0.24378027709323213
0.113877259298226
0.08282263086677541
-0.5183190525796518
-0.08588864036655956
-0.544097280008768
0.19585519433166218
0.4347170224218899
-0.20851262615920782
-0.39977591481238867
0.13576779500810232
0.1006628530822408
0.6207085278817096
0.04969728912974261
0.07994494000302198
-0.321903330766926
-0.023070634447763964
-0.05529061917305943
0.7213810001773031
0.29458997308281165
-0.1741751941195937
-0.18327218345844964
-0.26985135377898045
0.007882070256419002
-0.4612890781723646
0.3662007420143437
0.16758111975360201
0.2787936948388116
0.1378975586969261
-0.056744997518712384
-0.04433881108619729
-0.4923975013214461
0.4085222992707311
-0.5408887542271762
-0.05072565816449527
0.3580707209397088
0.15938894926947048
-0.34292165040965916
-0.1312438934787287
-0.02938281369799907
0.4911535830134091
-0.17798204740721613
-0.5817454868039353
-0.21001521896185643
0.3797104717667598
-0.2188457263229486
0.2657375929733855
0.5029489921474648
-0.2731537295347034
-0.19252976200083427
-0.0006463409293887765
0.025115091768298844
0.3806438606993232
0.35145317040490204
-0.22753124286825316
-0.4819543941729318
-0.24228570886283612
-0.2121674388599994
0.22647908476087805
0.11108403346267659
0.01781652165098139
0.7817214624083604
0.36184061413134366
0.40744618598009646
0.04712048339614325
-0.11614464843062426
-0.5490245460871903
0.077883062051435
0.1890421437400346
0.05804500827357347
0.44986677589165736
-0.1588512766560503
-0.4838731193862328
0.05885095127982064
0.07829644748891387
-0.10393454263269142
-0.4609146211483352
1.131204280035151
0.013161519411730868
-0.33008138237561585
0.017676258063989356
-0.23640987637971278
0.177290900847473
0.3268840856967119
-0.5339776807714616
-0.6150025046208436
-0.4211953161264149
-0.26963596948677737
0.33383552679298123
1.0535520528920947
-0.3771518586651379
0.09978799340255534
-0.09573858034737318
-0.608788379975647
0.062339452525598665
-0.1375100045709895
-0.27680293506280895
-0.21420533418976945
0.17909177772242874
0.008786740624245008
-0.2873976489224052
0.22929474930002558
-0.11264455369189981
0.27419170969439194
0.10226738437992709
-0.09817942253766734
-0.2123429537039107
-0.30147328033669807
-0.42332829364718993
0.16060240044804439
0.2509478694785352
-0.33650328640639915
0.19558334418624312
0.32353742046692846
-0.5974530833471298
-0.08811378974110436
0.08430118700082277
0.5761013535841581
-0.5020279414789282
-0.09004839419512
0.045217520998912714
0.13239353796817693
-0.32175981917740265
-0.3491902265235295
-0.43010069308347043
0.15333848756748275
-0.3991267676261314
-0.1408982821560778
-0.07745651561089076
0.3936174332423384
0.06582058907536151
0.3989854531351631
0.010036359506485452
-0.04540405704280643
-0.28202602277985817
-0.6908712267541953
0.40963301829397974
-0.08432437433277537
-0.6929640506707053
0.0813549714183335
-0.07973279745274979
-0.5046150972931033
-0.09803139483150049
0.32137248758406095
-0.374609943868296
-0.20394670463774184
0.5204215325106798
0.30678519649100455
0.23254640871703952
-0.05405368770916882
0.020306076718442277
-0.3204200641507401
-0.05899582638214109
0.2794573917338945
0.11241917406385295
0.0842450204321139
-0.07946351315514405
-0.22292501886894786
-0.10036936253996588
-0.40251777194662824
0.00017024877946351935
0.12103957730334432
0.21003621484757878
0.15638217355427012
0.35474837315524876
0.21374619543793807
0.2883039613695627
0.043753969273395116
-0.03273435768604201
-0.2383924382887439
0.4610797751178137
-0.37118597397167563
-0.011644153771236909
0.10588364579322115
0.3052842667246066
-0.15600162220689773
-0.30813202767452025
0.3533147739020957
-0.06338045435320437
0.013903004963748924
-0.6513152267166108
-0.24726477131137878
-0.5995884798319668
0.05011434296021903
-0.08283460864983555
-0.4772569659648639
0.017484663267512864
0.3310736885244178
-0.4017641954278624
-0.16177822920571477
-0.11823954524347023
0.709213642402368
0.3011534089025911
0.01811689834914529
-0.30050988975232507
0.14853818315159914
-0.13484987693678113
0.41179865698425777
0.5088646637489347
-0.20651407304677624
-0.021405801936087997
-0.5440898828907752
-0.1336882095534346
-0.5912428531052802
0.006477215382951283
-0.39227575008982735
-0.23543923665373076
0.460960416532617
0.2529743836466822
-1.0363484391517466
-0.46193251243974126
-0.40356376493922125
0.5339401035242252
-0.09738083098043945
-0.23713166396923585
0.6822535666127372
-0.3541980782966761
0.2218158275132292
0.12812911010902042
-0.3334368208014975
0.03664751383752257
0.18727232449616252
-0.004357948337928214
-0.33666943861830534
-0.18590486611511847
0.33432452600323737
-0.5230502205876307
-0.06179134807467741
0.23634314683315819
0.3838534265521606
0.4168337914310879
0.6061092687311992
0.35122926629842277
0.0004527194620988738
0.09579493457257403
0.4636972034395566
-0.34798395074357846
0.61281227853228
0.4364908799333777
0.4432778495285876
-0.3384818172340976
0.01761039887836869
0.33830860057126444
0.4778459736108414
0.8312051805768119
0.21874285584021047
0.04519185450504462
-0.016323110608886013
-0.7588430518574247
0.0689544874454103
0.2746823282076383
-0.3305319671131832
-0.24666515143653536
-0.7175399954359272
-0.22681868294953061
-0.3045768343570083
0.15255987633820683
0.34873744188621714
-0.03036343753747724
0.06294416479037694
0.42963553905906726
0.2719073124270796
-0.10918472784237296
0.016269392375778475
-0.1460122302166466
-0.3701317143839249
-0.41143880607265376
0.5011393978191464
-0.07763221625403066
-0.2198909704728578
-0.09398468976569022
0.2035660609152822
0.04890659314718038
-0.32901169630873883
-0.44711295473726864
0.5019636247899212
0.05219175442905297
0.34939767184064624
-0.06975481684384263
-0.6024573623125604
-0.5522894769666409
0.2507466571871119
0.007576371277861774
-0.3778672646522174
0.09356150812118616
0.05008447996753375
0.20269529034316044
0.7091772937049261
0.3769919536805071
0.8353070641131288
0.3636194463568139
-0.3222470111486834
0.08082238334658097
0.1914174466550102
-0.3290836659385022
0.17852023280784518
0.23941684920532932
0.1667970931124195
0.10920488852797755
-0.08966558816943371
0.7612087741938519
-0.21698392912236944
0.4256955796409618
0.2291456717647246
0.3511273205953013
-0.5413743624842481
-0.5153567850674072
0.19448709992711244
0.36011015393267193
0.2300453186557409
0.007124430732611559
0.5590744755539679
0.3436035451668802
0.46972427824298
0.44543297739995125
-0.06601601536159407
-0.06785334129654133
-0.04191135335221832
0.025910054178556317
-0.41462247739543234
-0.02943267600938068
0.04090932953463385
0.14467790425926366
0.08566481803877976
0.5191855991798998
0.1236020994724891
-0.14065952421072397
0.4238651013769153
0.6673093965891758
-0.4225514514614591
-0.2530919447529574
0.33590974733960816
0.22103486349615256
-0.03618399552001907
-0.5481460608637021
-0.005065100743952819
-0.6123397909554438
-0.1316262970625508
-0.02773888571997915
-0.13835611264972986
0.6686453899782537
0.3452474299786225
-0.12924992513021516
-0.051994777121385685
-0.6685148801211999
0.188601023613061
0.12351074920615902
0.04164871083318618
-0.1603450167872568
-0.1361752541122765
-0.12986304663675274
0.09268519607947573
0.240475405242541
0.22367452796422135
-0.4390452948898445
0.041814802052020705
-0.2573885047967046
-0.319970172626886
-0.3053758407399771
0.38429439263950277
0.015519748469675826
0.20293078282636295
0.39682126563496917
-0.031132130136293186
0.2723792994180588
-0.021251803967717725
-0.16696870403181446
-0.06315464162054327
-0.43704123596341343
0.022829580784416083
0.29954985136928153
-0.14765837611168994
0.8293830567453868
-0.18913116171941702
0.05097981371554792
-0.11657271867038366
-0.574692063284667
0.6115151645588807
-0.2985603581589789
-0.06032677115844721
-0.24100468921221843
-0.09168564143642186
-0.7786173405723107
-0.34054268900176526
0.27895187078193384
-0.2028957347202005
0.18767666063533953
0.181070614415268
0.27708486438397384
0.24451518822497065
-0.10476260419361261
0.0485250827545209
0.026948015880084192
0.4030175669129992
0.1989360918014976
0.47344422128745506
0.007580191935823877
-0.004978372578748105
-0.4994548595999036
0.03021225233758753
0.23386599073863895
-0.08532896957965491
-0.05092398817780813
-0.2729578087820028
0.8223305690126176
-0.07296167051404087
0.12191729704906526
0.19278919453252347
-0.3901848877770255
-0.2329828719327765
0.6122091377653425
0.2158912804182208
-0.1372258232502754
0.270054208784544
-0.5051399367856659
-0.420310490856336
0.3862546829423062
0.2231238459153152
0.4909121291981677
-0.08442485915092471
0.1263049285243808
0.6000698501408119
-0.45543024509069635
0.11592412730423342
0.1727311495570174
0.020709711675649896
-0.5581403662788653
0.6002764213214213
0.0679549716701977
0.5313707760079375
-0.28205154929680487
-0.36872139226433204
-0.14430161286954096
0.19578269555359745
-0.8086612405645304
-0.7952974453854066
0.3571831860923871
0.2765295389806838
-0.4242812724203041
0.18374216530791723
0.14308029040478687
0.20948558112151122
0.09922049704704211
0.28937681205562465
-0.19871884155662742
0.17089318489203573
-0.3088777038112127
-0.10484626758885923
0.09797566701488723
-0.1939442319805233
0.18444959415326043
-0.2774747668160831
0.15042388322093034
-0.4726076962707494
0.4581008542008936
-0.3559552458891986
0.22575520518340286
-0.07882286115388397
0.270500814099882
-0.1227941704666166
-0.5586098802154456
0.43973436650350967
0.4956778512670099
-0.09893295072021288
-0.45371035572726093
-0.11404154161324033
-0.11563301080058816
0.48210169389763086
0.07823635404450749
-0.7823018870454483
-0.3969740473687011
0.7969276139960877
-0.016243390679010816
-0.4599367451351154
0.24196974680718936
-0.34800520061445345
-0.2095049272998022
-0.14632221853451646
-0.7751818148082306
-0.1013089311811074
0.11193987411735458
0.24610558842883726
0.40999859717543335
-0.18617485531242395
0.8399995169160658
0.12780382683486613
-0.28591580322908433
-0.16441635686481929
0.03425554113357181
0.20310097625865292
-0.009363008829866258
-0.3716834466649992
-0.051571584239830257
-0.17750500977313072
-0.10049464305496228
-0.1871773742332168
-0.023460101988174855
0.4858972299157692
-0.34637010678945
0.3036419321299799
0.33252498568743954
0.148784336950375
0.04653371425828422
0.14145645773229423
-0.2807613800303562
0.42179202990956666
-0.26099153443494283
-0.20233070908109693
-0.584124813602306
-0.3443863072296983
-0.3963659032750547
0.55129722975785
0.03066062176304457
0.11984649995990376
0.47307139152893773
-0.28336214659251724
-0.29954799951635097
-0.45946623115792573
-0.01768169363032094
0.22107174685081665
-0.20620414738312398
0.04123903532749458
0.060602401635035934
0.9189940490610075
0.2853906217076564
0.07264787048748376
-0.5764435436287785
0.21911536402019205
-0.29793142488170227
-0.1393796565732018
0.032192566782139984
-0.34312802351699395
-0.11762092115110423
0.5012178092183428
-0.049163249481553185
-0.015520037048633264
0.41429319303585826
0.20301194449931928
-0.18326609846765063
-0.060787810834394114
0.181415009375408
0.35040768145876267
0.23373538066809174
-0.009289114860460995
-0.06691310414938575
-0.08509308452116458
-0.1285844158154808
0.2619199236004128
0.004224447454444426
0.2834352379829207
-0.6081770550052126
0.40965508852897026
-0.11458477312968945
-0.05291042023232494
-0.4269857904563138
-0.0962010696770284
-0.33474122347578567
0.15206281028435004
-0.2984419007835091
-0.3516542365756716
0.2796311394068605
-0.21207844163655626
0.009719326871031995
0.23812562025917378
0.28547009962022346
-0.1240796005319692
-1.0705073658734476
-0.3783739308055699
0.003912443978329433
-0.4148038981747826
-0.15198984297547874
-0.43128030778956317
0.5575497262992617
0.31704802866345594
0.056636989035707394
-0.2977486087579792
0.41320713854324576
-0.24639377358557885
-0.2869263289260753
0.2532008175216135
-0.8524347885008187
-0.28090503441492765
-0.20345918547883163
0.2882276030867456
0.5019935327687332
-0.47007584945221387
0.4212491272090452
-0.43669915191050634
-0.32817098088851804
0.24349022775807702
0.6369184564862398
-0.375577252949079
-0.08525157819391942
-0.07713745891829192
0.009422834129954219
0.07294683396392769
0.39781585485958626
-0.0014491084606581828
0.6815065847765619
0.18236626644557485
0.517786067295205
0.32128179853544764
0.4094067980187612
0.032807348921643206
0.11921613870839629
-0.11829820252868133
0.609840148256568
0.15451569994279055
0.04000533454866473
0.4726420688522601
0.742363643761898
0.11259025479537521
0.2740583394326056
0.02620676733675234
-0.1560003227717513
0.21898275745769585
-0.37051025126203485
-0.5641800420328394
-0.24627114378720183
-0.49440285155578073
0.20638934369102924
-0.5823714649329259
0.05138650211845612
-0.29338289359629977
0.2909529664853664
-0.2274039089077551
-0.7673455174069227
0.17207451273784863
-0.08037585509553637
0.48691143150742344
0.09703126339360832
-0.19554998818699848
-0.26198755516960476
0.061907838421254226
-0.12404782550709484
-0.326425769427063
-0.5693425550520679
-0.2457371554969702
1.1551518297538317
0.18043763363551582
-0.10789585686740838
0.5587868657336444
-0.14890717762301334
-0.23846502214259901
-0.3558866914663613
-0.27121658446428554
0.2595716721048038
-0.3634806167634336
-0.48692059614124406
-0.48947250682621546
-0.3232912368516917
-0.36177199776047403
0.07029271038434808
-0.5715764409516385
0.058775893264808726
0.032395201039759444
-0.3405327655349093
-0.21462299329722634
-0.009020188363537601
-0.7394454770525016
0.2683274454128366
0.30024534146968
-0.4322367488479029
-0.12171217256978013
-0.4391344341555343
0.578405337283591
0.2820534349628519
-0.35407886464772564
-0.20080074426252176
-0.3532103008096615
0.18394996825248786
0.011916670374405205
0.12590642354051734
-0.008992049886889175
0.16046784880270532
0.3595062133265171
0.4921813437501916
-0.4258126868322595
0.13791449547318882
-0.6389165786193
-0.061927701817159814
0.1394543196389899
-0.16128939879258675
-0.12043566375347842
-0.3335686642416128
-0.06331035813128777
-0.6020803273795029
-0.2178726828057671
-0.38052412395836793
-0.22234536487593615
-0.20187578820104168
-0.0035961743949544794
-0.4766181339532463
0.23785667416867204
0.43202633270395313
-0.5427252839698167
-0.49596983434521397
-0.47538236821806373
-0.0511915753007973
0.200278126931405
0.22389623116538215
-0.4225288924400546
-0.16616654478657272
-0.9016333243690493
-0.16301198181356105
-0.5665547977928934
0.2455556995323699
-0.0414840189252887
-0.5116342871425659
-0.1288718788671048
-0.01374635962016136
-0.21096436878963748
-0.06646125329118416
0.06802636332274
0.41403628585448354
0.35360781272431147
0.24908097890941083
0.0014226355591246522
0.7389152172338828
-0.1699314650530397
-0.3356813765369968
0.1776660961270978
-0.39276469344752324
-0.33884580320338503
-0.09060729209409353
-0.12368937201722305
-0.4377282911395886
0.17704316378993099
0.5942601730746286
-0.26946610261614523
0.2375596128116908
-0.41571101987576164
0.2246107536719621
0.7833427254992206
-0.26727291559467214
0.023570206166092476
0.1632527612406256
0.692068861531462
-0.11531071681408812
0.1285388927305496
-0.3175592729237124
0.08424848990812497
0.3422404975527117
0.23789749698176674
0.4106662527956022
-0.276757171410117
0.3815190664782146
0.0564758333476297
-0.057286745435692545
0.5554232473074859
-0.019500162363972395
-0.28211149194811497
-0.1618222334840737
0.35236673538245694
-0.6764530353400596
0.47473668546406794
0.034740659464180895
-0.45256058503375135
0.41799778367219426
-0.2250396798091166
0.30215069940901496
0.0015144330900637056
-0.011697155046362283
0.41357126573539627
0.02565317578591822
0.14987728143647078
0.057173672272487444
-0.35300686759987787
-0.6713788614063031
-0.6518197617302189
0.2200392081094701
0.0984129809588232
0.34324851386152144
0.19349517864057375
-0.35308180696384817
-0.19282774038520573
-0.40672525434785556
0.3181418513725128
-0.11110671611868281
-0.26634362571453346
0.44689633058847955
-0.5403245557187999
-0.11384703496987802
0.5548003860386913
0.3743229582332695
-0.2745691419745322
0.25127799159678005
-0.3879589250106285
0.015808943275471096
0.19074470603215707
-0.49266899362952066
0.08813998619318324
0.1144944188727938
0.6845770683826914
0.4624856148397943
-0.10903935893239014
-0.26228729612328505
0.42456307618101785
-0.28706073771700824
0.14916988303547835
0.9703890339777044
0.5308792578020414
0.20819718603353676
-0.21650632675941825
0.41306667569270966
-0.08797259688268158
-0.35065817909339153
0.8132151899744658
-0.4117496730023881
0.4494976301183027
-0.018331529628429103
-0.14237742904585196
-0.32579493063693593
-0.07803186568798869
0.3345319163965512
0.3071097969420249
-0.259838162519843
0.3355501974579033
0.05312158172829402
-0.21641014497000582
0.39052423967170186
0.24567372952104222
0.3178230292598469
0.05486530912042905
0.46030708024264855
-0.05958408917100561
0.482416935530821
0.17418965928362443
0.4472378795704206
-0.07410917288805391
-0.10609535302216752
0.6205212736150266
0.5760404239986074
0.4855839860985802
-0.021209907189120122
0.14742482657294312
0.18435109243011488
-0.12731947199546495
0.2036966306562679
-0.31024965262522847
0.2778460630364209
-0.19351993878863538
-0.06256888367674049
-0.3320627707524699
0.5823261394678615
0.1584394157699768
-0.47137828104929985
0.465783932822569
0.30521884754648826
0.26320416887659326
-0.16535549195168997
-0.5067623370250944
0.39661366117994
-0.07890562460128443
-0.02355150440209639
-0.12196110018687986
0.1652462945906435
0.23807054782202516
0.07910885823818611
0.32572747848930345
0.18052936199870026
-0.3740346825498627
0.1374610376020394
-0.34096587280067797
-0.21026724075704747
0.5634054786748258
-0.12304162127606452
-0.00847317764282034
-0.14962733320253885
-0.13690929261817467
-0.13930287164289742
-0.6421003364092805
-0.2578561276235033
0.10028934366531926
-0.1473708857228118
-0.03212442561508335
0.41732930128124196
-0.01918604421468583
0.1832801532378388
-0.055231948442802124
0.26570608757774167
-0.45984924958592305
0.11258692319692044
-0.48537461156270695
-0.24283401946131458
0.36539334455200434
-0.5713513950725481
-0.7911716928458343
-0.11201493931766077
-0.028622869419214964
-0.3286864647188559
0.17726174542884315
-0.051051218613076266
-0.5883532858486876
0.11318261480592814
-0.7313091165646668
-0.32939341365729935
0.18466226411529732
0.43772830088439774
-0.5012024554954065
-0.9975777458073406
-0.42795559394605487
0.30863787387091585
-0.1608956847397164
0.18024802147875837
-0.408802950731406
0.3557273952586012
-0.25551224741567
-0.048967085635942736
0.1595512158205803
0.4333221915661559
-0.007357131721821328
-0.22125903941416392
-0.10426610336051281
-0.11805975980848536
0.29731976155642037
0.1735652088920538
-0.25407312763800505
0.12615772191630467
-0.25212917536795626
0.5123898804498342
0.17150456757719398
0.5385996351556663
-0.13518469421572382
0.09849503756696269
0.2558017943180707
-0.19859972051340058
0.5451408309610973
-0.02053968923040605
-0.14436795012915796
-0.1334332284925022
0.16540628607091368
0.053271863280528825
0.07972097080743203
-0.0661011596511396
0.5835195688715749
0.10865675642980299
-0.08505202858267688
-0.07999700196929349
-0.7004166839923932
0.17833756561319372
-0.33849748789855605
-0.18172551433349082
0.49439974982056173
0.34730429981555727
-0.1427126910188352
0.5718296956775565
0.7891839717739935
0.17265762920092972
-0.3838303146308197
-0.028276163202428817
-0.0757012672399038
-0.08566725379548364
0.5368100344337973
0.20504596550637877
-0.2298693037699068
0.29492052639631616
0.3182684440523379
-0.21174366219392096
-0.278839879586793
-0.29290045933686115
0.25969945996180394
0.3119760610725204
-0.49054150444750855
-0.2125317082029714
0.3892935577989526
0.33062084002754166
-0.294987893078667
-1.0331195770766515
0.013194962001984431
-0.06315793201640807
-0.36168536698965803
0.612116826052246
0.2674261031894469
0.2344426488239772
-0.02320532297254123
0.6813426401153942
-0.30300584812134085
0.08596877588389495
-0.3619086898434316
0.04533703593008315
0.5652602075856475
-0.07383161219650039
0.4673215903669467
-0.17775029341864773
0.22426453997396795
0.09771338145212632
0.3124274156443106
-0.03712769910296452
-0.06528289477023451
-0.2639594046512598
-0.3870215190802287
0.009959697380506657
-0.3079497989180324
-0.423287267564479
-0.22402450062305623
0.31845552070610317
-0.3599613836988424
-0.19500624348946222
0.13416073211695279
-0.17730075837075282
-0.09122453995025814
-0.20390472164101336
-0.010206622120159922
-0.11173880327545518
0.08868795464346681
0.07004418055142243
-0.7148058804932833
-0.15178474649681756
0.013925172490433589
-0.33467696678462117
-0.3063178390771431
-0.22340575864375617
-0.39646432054128794
-0.09971671908214992
-0.08721534076049717
-0.2681721494153866
-0.37848585315898853
0.16101029346505247
0.1888743894112193
0.34640294693770474
0.22615424152234093
0.4930604538629478
-0.010246808177020523
-0.459011876212709
-0.3634043383395738
0.1947006805086473
0.509527629729767
0.019722758123987667
0.24899817513512634
0.03172192118529408
-0.38598334275731744
0.4394982906977034
-0.40983094620227967
0.02299038240164157
0.5005163599130402
0.24912629553909232
0.15902514340738455
0.05461089147889947
0.2967827411745726
0.2082494241333017
0.19531301400816037
-0.42757167505375737
0.26474876793310004
-0.22783312457033916
0.036103763748877284
0.26905654386261646
-0.006291325521160365
-0.434815412206551
-0.18567679651306895
-0.0012783242197498615
0.03008267218442638
0.21201128070024763
0.14210364636041029
0.10856829715542443
-0.07137746148713742
0.5282596426586303
-0.13753294031825875
0.6879796032542486
0.3307560481527311
-0.9002846623024903
-0.28601045847193995
-0.42867422218343976
0.07844293737623134
0.11414529535966017
-0.19034138883043872
-0.15563895498884997
0.172218281877539
-0.44003786410353346
0.13640050619491234
0.4636143919883661
-0.5478571676814575
0.16100298316361772
-0.4218165425131417
-0.5343025618363454
-0.1132121934235803
-0.3381733103020416
-0.2692127499968174
-0.42448237095323693
-0.03694316628540097
0.4370764414808465
0.25425994095581894
0.34147114685522884
-0.37870108619381104
0.25109284001716936
-0.6254139744439438
0.694138582601534
-0.023482464340350173
0.08838679504590186
0.28581677377242204
-0.3649970625204515
-0.2256034766572893
0.5177943986548804
-0.11579244014881722
-0.32221034543057864
-0.9058547006604394
0.09725672655629988
-0.346685984265566
-0.09143550027229015
-0.2421242619653428
-0.007886564193951229
0.42506256552304017
-0.3430079095588207
0.27400435113486465
-0.43183008706019455
0.17818682690543605
-0.5161846439430715
-0.13068698122240197
-0.07204711080512692
-0.4638775707076769
-0.20904646519409054
0.13863939436596778
0.21229517337125908
0.06602999324949407
-0.7447944203999791
-0.12988417877122566
0.8448820996502757
0.40306737908546114
-0.18029418351272877
0.3122685267555047
-0.10138744847174465
-0.5369762865879024
0.11035892937188768
-0.2887833551243377
0.03583883272662838
-0.12263446588263271
-0.2827969577756905
-0.09677812845563416
-0.602635472521742
-0.5039539328132492
-0.08715536942784616
0.5110234954907431
0.4119748193431764
-0.026687550395922868
0.3617669348096918
0.2745127130579274
-0.05268088493163202
-0.22087756837251435
0.0969969092062452
0.047299391495627514
-0.07020509037751149
-0.524876161138953
0.05804176988204565
0.06414854977494372
-0.13231224054018795
0.15729657624373056
0.012111604709614504
-0.6863437066895686
-0.1228679329204813
0.022885061540881435
0.2029144220729557
0.17550689408566073
-0.3558169388720902
0.4894749495219657
0.021065859979277117
-0.018671598555049684
0.09103794975803442
0.05865497346666673
-0.20287509984493457
-0.19497137079616061
0.183720705357858
0.4279867118022438
0.06449375438602531
-0.30748661001002997
-0.21434574816528645
-0.21241855743580557
-0.2920833843228874
0.11651519299360355
0.33651866041308803
-0.3325713858411221
0.8566966328742329
0.6773578954578419
-0.5449883526777937
-0.2738492748320428
0.14715223044039433
0.3355153041746304
-0.05645795960257503
0.6676122118190727
-0.31388397923170686
-0.18450684229460335
-0.04026876083101561
-0.5061205115251967
0.1544948712270697
-0.3030519687818607
0.20587008755954858
0.05479586203044614
0.3855636355792947
-0.5741652561114821
-0.2870608277784613
0.21001533069778
0.06825706009669587
-0.1988374093399719
-0.12408890315492566
-0.11222851439296125
-0.2784562186165991
-0.2800266964696556
0.3893650374286963
0.49761428456197804
-0.22899838284405735
0.35546739933484506
0.09727624172313172
0.35402056244175795
-0.6224475513654798
0.21199047672727858
0.07507209675454701
0.6978004536413709
-0.055466894168841735
0.46046669603415347
0.540762058276985
-0.5094512601959226
-0.06356365506892116
0.5942352332126125
0.05516482972200956
-0.22599009064312015
0.5314647071792419
-0.21528725331414567
-0.30595236270634835
0.05557717595611156
0.25633211702753905
0.1419030606442259
-0.29640857273082455
-0.23528136060672306
-0.013319693854454424
0.2967481707833873
-0.11677282673027368
-0.3492201377499237
0.10711993821850765
-0.08590126068794753
-0.013565632208473738
0.038321434477152264
-0.2922738293915961
-0.26811638371807084
-0.06279397581632457
0.6139173655273132
-0.24672467181858798
-0.06548092921806754
-0.22483033455804308
-0.3173662287406875
0.4125161997925935
0.51066102604518
-0.23751640215370012
0.06381878443600127
0.17869277315722495
-0.30705976977857885
0.21936252361488742
-0.4784613901062752
-0.3841122540135752
0.6033961497812804
-0.2927306709998863
0.0233586360291174
0.1718372729288713
-0.3512806000998437
-0.11929639842468426
-0.06464006198265226
-0.6265089481970759
0.14199393233183377
-0.029280087630923324
0.2153731735133332
-0.09333836970553186
-0.1884705710914797
-0.17790107985635603
0.2428312552605606
0.06729339908055249
-0.4374810481708219
0.00864279348757833
0.0958537828422058
0.3078666559805139
-0.20629446638928547
0.7060352848635305
0.012974460173752284
-0.2074122354166147
0.4974394155739662
0.4050148034985622
0.11275029471814463
0.08849845759785879
-0.34374123929600126
0.033196501881754006
0.10738357774040075
0.16497195765051853
-0.6296809187611628
0.08151611104498661
-0.3227963714360505
0.6871369939777101
0.15409830355222073
-0.4056314686500809
-0.4636102865846463
0.06852224048131243
0.30026690205226536
0.08194601525111014
0.387505581041624
-0.20802334875720882
-0.4439672829466602
-0.38896831351684696
0.488472341868336
0.08640829911234292
-0.20241731853895775
0.19507308335900064
-0.4900707395602948
0.007807553100182607
-0.2313200404175766
0.18328657044516938
-0.4415959276353054
-0.46378164433242447
0.053431842493716124
0.27597793273563664
0.705232678796103
-0.017542885684319318
-0.3234866690294789
0.5674007553595284
-0.145663523332712
-0.553966840100088
0.3076275529037724
0.25588641823944835
0.3347854125695437
-0.3849572304419706
-0.10234842291208715
-0.15817881091326227
0.5634813142172226
0.2832263521910192
-0.07617945398765777
-0.04212999677186215
-0.1853996974327732
0.4907847026463318
0.06308040287385355
-0.6348826221927371
-0.20545838328735408
0.3202093385256737
-0.28172727168996803
0.1488359222624857
-0.18972674488074526
0.4483263934415602
-0.19974610904039186
0.13606005216317094
-0.0997586867524658
0.24374494982927755
-0.18384621263072715
-0.27241623660834235
-0.7447196757529566
-0.622627684225811
-0.4393358737648043
0.18904412333024156
0.0006951864847046796
0.33779239076895745
0.18025977290041828
-0.18468491551209376
0.2836950530369253
0.26082033063576365
0.14094394441822272
0.28586961854500353
-0.07062930518019017
-0.5561480572704861
-0.1155560122684482
0.15074746714263654
-0.11436056719797213
-0.6276167006456747
0.584912006783007
-0.29685811953894486
-0.14508044467052017
-0.21804664641444552
0.10107631714695864
0.23134487312637358
0.2094311038131998
0.04212230211500147
-0.07547683943996016
0.435123057250285
-0.42160950249478263
0.16213281457319434
-0.20783007657942226
-0.5699213031690135
-0.604883415825053
-0.06085434262937489
0.11754562638011462
-0.3821119537129463
-0.19905988564602392
-0.5365279601148957
-0.14335461046624887
-0.21448125108413887
-0.05403231519745004
-0.03807164709999595
0.5577292828685139
-0.019685922003362933
-0.26069521943579604
0.1762125583587655
-0.24629457287329368
0.5377649294996609
-0.14099222526756575
-0.2845123199801275
-0.1929280281115153
-0.7233256586424557
-0.2112377499906381
0.3492054697050783
0.4132193956707974
-0.23399568037711005
-0.19397663007771632
-0.1919592373990192
-0.49235304320131923
-0.5626853481342629
0.11037909433542718
-0.5989150454711931
0.26029407843817787
-0.054560024719802605
0.07563034350220899
0.02203400606538329
-0.45040037664227367
0.1373944501765352
-0.019888209312863253
0.28108208874298657
-0.38935597785334475
0.07823236367000233
0.5149601413764456
0.19002073449370258
-0.05751342449492545
0.5117086306895161
-0.13520212022132883
0.011554635501047038
0.6199723189786104
0.38209782442243934
0.2094010224971775
-0.4604190109120649
0.02994237803786239
-0.2627813493316258
0.060423016388872354
-0.39139136172127714
-0.2999731731461369
0.40739286185921875
1.22588548482338
0.1154531334551038
0.6598044266414166
-0.01711338711942624
0.11139375785603915
-0.12584178386092337
-0.26658225066383456
-0.3839527143613465
0.11799519827743855
0.19298044208840448
-0.5162535301984057
0.12635966385515246
0.3358762080994558
-0.10049888304110513
-0.006746156000473499
-0.45061902347737404
-0.09680089990863017
-0.04322301008094069
-0.40335462168559877
0.06305222757796305
-0.07779732089195085
-0.3307030040269535
-0.12936220496452008
-0.29322729005796966
-0.3887594506277928
0.5858925486964318
-0.20012767570628656
-0.07275632288239783
-0.4242449647266179
-0.2806585707564101
0.19482623432976454
-0.013951100093333241
-0.23129973587150862
-0.14655469141358735
0.24433867176519605
0.016999120804117685
-0.38151662780359374
0.05555222079069955
0.06611557360335643
0.2568093314866979
0.017592867222181764
-0.3138144992854883
-0.04031311997493646
0.3169849955326811
-0.009180467298977021
-0.3619500496874756
0.3444671733954499
0.2929830948855317
-0.4556917091417604
0.0379893197348133
0.07878241562226423
0.17988579511587344
-0.10471958247640345
0.17443044795663493
0.10402947767805694
0.029101499765307612
0.461287434114869
0.3892808716390251
0.4824202216585714
0.13586727788364883
-0.02293006102671695
-0.6854595419615745
0.4412821113030635
-0.3589513257646433
0.1944183655580278
0.30595873391995815
-0.03277623717276133
0.04542397711255272
0.34237532811941657
0.28884926043296805
-0.5979362114609013
-0.03199490837856911
0.2246973318658174
-0.6303880317772221
-0.12045810650232447
-0.668452168563506
0.19301352287340487
0.24878887919929576
-0.9282364851835911
-0.1993337900735943
-0.3401726356504477
0.2592215947863237
0.3174190097189145
-0.21713073697786
0.1045506335550265
0.0001202068860858066
-0.25868067748746754
0.2570434777382766
0.2555151031973576
0.49085998124895186
-0.41307884988555504
0.395710155008429
0.3044262494220513
0.4959961472642128
-0.341601312656452
-0.06787305190022708
0.5241659648497673
0.3428512059071177
-0.2581770734437856
-0.1999619499245021
-0.16153805272837135
-0.2708348571641963
-0.47081351742913136
-0.10095731043769854
-0.13550003170878144
-0.35203163378982794
-0.7820301642026579
0.07727603372110575
-0.23852769988667377
0.07129264842691976
-0.11062547339837722
-0.07303848816604797
0.25911934613276044
-0.1295792582088433
0.28734855835376677
-0.34446448393739104
0.4679766199016883
-0.35249120759107444
-0.022025420577078188
-0.03281388717121322
-0.027265095882971796
0.17812243657509905
-0.015900868229511214
0.07630521211651986
-0.2719157628625092
-0.3179368453041132
0.44177864987000115
-0.3364130627820804
-0.2033923895764282
0.5992730934762467
-0.2895016866665964
-0.02467867245022787
0.5398836546060862
0.12721759120469475
0.022551713168451254
0.42492670024284007
-0.15627249657577735
-0.12156573490185338
0.7697665709616668
-0.1356909969887305
0.41577375768572306
-0.3463839037817506
0.3675712482860843
0.24350555353314113
-0.44381484301553675
-0.17908253235602972
-0.08792262469653672
-0.049613681397069294
0.25472581387553506
-0.2249062383914648
0.0809912656490757
-0.1576625800511931
-0.32627947343347774
-0.12449533756814174
-0.45515300902696815
0.13369073424867134
-0.004368437630857473
-0.41913806662324726
-0.02653115812237049
-0.09097331620190385
-0.21632073886255337
-0.1589977942803344
0.2615856180641116
0.20653676169128277
0.8902850157721344
0.010123279851026429
-0.004471007361692186
-0.282949232745773
-0.5887321920063809
-0.05601524609095142
0.3762154092270494
0.3404757481870581
0.10824875203216885
0.2839223538511304
0.3166659780658881
-0.2319097136530775
0.3041285124503042
-0.6187236254395984
0.009180780334784859
0.32848514720457145
-0.18439343222416413
0.44611354687186966
0.004557235066834066
-0.25949485777965675
0.012864878896907003
-0.1713956852132706
-0.035160151198521186
0.3875197908409667
0.2590898261955368
0.0870580100902345
0.1637537629409507
0.015114348378481357
0.12174073125815227
0.30901364941850407
0.14427131824966144
-0.2307251044888234
0.6112383867519062
0.060743434683192626
0.6016629593666456
0.1397459721591985
-0.5430409373862239
-0.1781003396888528
-0.27281362889434196
-0.6163552967902826
-0.09815662290623081
0.2424772547379056
-0.33560824387181787
0.6318059769255966
-0.3882738232520552
-0.5713692378568193
-0.009450047549921438
-0.6530407427233017
-0.05965898019516882
0.07641207597328736
-0.1617170432781735
0.061296192931092335
-0.5454072653043472
0.23941225518363746
-0.495159227940552
0.10836579793258502
-0.1511461984388541
0.09730480847534607
0.14274131633639614
-0.06936491244563786
-0.553318611448565
-0.15743681235383764
-0.4584555065976807
0.42188965319753313
-0.06973543337716237
-0.5187853133866789
0.27822452455161367
-0.8063270412254475
-0.8948407772667141
-0.34754452671386044
-0.41160223315743216
0.032407758508654946
-0.4059359703968194
0.20512927100853418
0.016772305673183465
-0.2527253375583424
-0.41780101780880613
-0.3050278313911445
0.22774380223925644
-0.25997900418824266
-0.03888293713053757
0.26807836888170633
-0.35145857692484517
-0.014427509890242315
0.20873684967357573
-0.4618298412771189
0.31384084370502
-0.46546579747025196
1.0439610319955723
-0.1685583191772648
-0.12249281717556776
-0.5695055820457946
-0.18256426643601342
-0.035770735774539035
-0.15476171001865588
-0.5203842367350481
0.011717346740925519
-0.026415769857575072
0.4667110450120824
-0.4277412346927066
-0.5470369124389236
-0.005260483714685342
0.09811694081651844
0.44738784593702496
-0.26747270281932684
0.12346052109260958
-0.034319146987668206
0.4194427237017665
-0.368614679827614
0.18307768778810174
0.18171645634238642
-0.2566327180374022
0.031278198463214585
-0.10001284347506381
0.3123708138537731
-0.1552470697781089
-0.13211700463876486
0.25622215008934074
0.521169647356095
-0.09643895343708539
0.40310031561292425
0.08326349753111886
-0.3770816552786403
0.14632103344401715
-0.16552392011135073
0.32904372370380175
-0.14521547329998138
0.3175231531906123
-0.04695952348708765
0.3321369972518017
-0.3861634198775496
0.6810430287338379
0.5220316240770857
0.4026240598995481
-0.09347503679924092
0.24631989234666316
-0.19090641626864888
-0.118635050941614
-0.6215756556066779
0.1612566857219769
-0.14858209400979816
-0.15780418560431914
0.21187640275728586
0.185807326534832
-0.008717280843336653
-0.3728837116330798
-0.20053032794912617
-0.08716832066403606
-0.9269761802772819
-0.4485462337539574
0.149561825063047
-0.04883862304747837
-0.0656898073685584
-0.2532628765233475
0.13484042845204475
0.30838864438485386
0.4976950989389888
0.03628154256755008
0.1715374481001122
0.3651598280147599
-0.08060672663853238
0.1063545002934891
0.1879834419090971
0.3916686778229199
-0.25117618471757863
0.6935583780102033
0.19910574008459037
0.05314918223966786
-0.26768792422774085
-0.05912051657401432
0.16738921426080453
-0.09763676567902255
0.10140797762807169
0.23395698537272183
-0.1100536725159244
0.4283676873740339
-0.44646125699320766
0.04320022145643165
-0.02768172286971919
0.044183006585557696
-0.08826008160380731
0.7875522820163813
-0.1344158389019924
-0.18986944859491658
-0.29762501563352667
0.11402272527710439
0.38211552798526077
-0.26571541713254526
-0.4267937030020585
-0.28769168563991915
0.28264202543377687
-0.35408257436304613
0.2857195164248163
-0.4257431327016359
0.0006923309586255848
-0.39919715270034695
-0.5395576716691592
0.6411848770030382
0.08861506534116634
0.3528095605850189
0.846007602933873
-0.37848099422666104
0.13613916502191614
-0.29045695901863783
-0.06551595124641697
0.08899060371804063
0.0017102160083257972
-0.35076349557052755
0.0983792975141838
0.010910009943307925
0.025902564846787816
0.20735263216754274
0.030524482451888824
-0.08636499975196302
0.15870439147829163
-0.2810029028922171
0.08306536413339508
-0.42528055565978207
0.37912635160275954
-0.12496465274046421
-0.029292362241978967
0.09168452895703154
0.49281233762148846
0.426148495046071
0.3532368329340638
0.08700158417160632
0.2377778641592568
0.20642904337998136
0.05456594493145327
0.21863544325896958
-0.16229684969173275
0.5217795947357607
-0.5876573091215774
0.037871941289351355
0.03969206419894902
-0.39345468852004295
0.0032914224923159333
-0.05710004365747262
0.0543323929877321
-0.4318905278833935
0.2355078936917186
-0.03617486191732796
0.432653734853527
0.41826716780500783
0.24844118576540308
0.1286323595808479
-0.23498995829082564
-0.4304342971556286
-0.20900535946745305
0.0848879023134664
0.39267677985576277
-0.09171890957976626
0.34222030993171754
0.06884399915601037
-0.15118996748289093
-0.10577524832161711
-0.45275141520074724
-0.03437452943975825
-0.349934792480512
-0.14312813071952338
-0.2526777471215197
-0.03603217114013986
0.03783465230840141
-0.04077575847770139
0.04038247706133605
0.41446153076233566
0.5299613720683373
-0.07797535373580833
0.31645671795269126
0.29643986105537146
0.2686056549044062
-0.17435259728014543
0.03397025154397036
0.32663051773543655
0.3321450423930444
-0.14831885569350348
0.3933977278739443
0.2644834084152621
0.2599267226197066
-0.2643567413581388
0.22659922110825909
0.7149371574552691
-0.2433999705906712
0.3317944007131733
-0.27426385205292636
0.3228670733794872
0.7016455019465563
-0.2993128222039142
-0.22404450634221684
0.1835448467784993
0.0246122883360433
0.3821273303785533
-0.29244024209031483
-0.15820694122847764
-0.0439986706689602
0.3926885821469226
-0.2826163941562853
-0.4521040767445932
0.3478111413622751
-0.21154675011358887
-0.09668549584621908
-0.2820364124777519
0.17907338707835363
0.058890900250445015
-0.004089535503920022
-0.3022309651102313
0.052530721807185696
-0.56559872324957
0.07581800174319826
-0.5233504720301532
0.38717106270529345
0.03187904575401099
-0.03977741516640422
0.27749887853296434
-0.03562017061620766
-0.17462222439683295
0.10280895076593358
0.259094311509362
0.5579159955515901
0.00298369397225573
-0.013709437887044658
0.17861557711111492
-0.010969256682188462
-0.12939659166891743
-0.450234524353382
-0.015637256801322996
-0.5273642171247447
-0.32032094392218596
-0.5156026667550057
-0.19450880586130562
0.15378470524330684
0.342341868326065
-0.30861171432117507
0.37832543900436344
0.41577159382869167
-0.26606820980097584
-0.2138375500889907
-0.1746570980710625
0.14718080308632184
-0.05121248369458311
0.19003701243526183
0.07199866660808138
-0.2189944116942114
0.02382348278302087
-0.37796698284676944
-0.11893755844986664
-0.13938734598517186
0.13622686468873257
0.01761868463694115
0.3536445295297993
-0.2011572005982097
0.09206142053173519
0.0366081747332777
0.4640602863266088
0.4429051094570424
-0.22008305060094438
-0.13956163669060279
-0.04715160246239425
0.10867086334769782
0.3430985860044953
-0.11515995868342563
-0.11790695489165506
0.032607858656977816
-0.19418840700502993
-0.13844393731523322
0.09199150973333853
-0.19063885618188586
-0.08508052580791323
-0.4694210649485198
0.5482436924245346
0.06805637355612656
-0.505661480262243
0.1751756363875103
-0.3725129512378585
0.21267038668559074
0.2262396559199432
-0.18649327933886278
0.041596578022057615
0.3054226127805211
0.28680036921680363
-0.009856128514936918
-0.16989558170719166
-0.2773169344663342
-0.35915537476648174
-0.1090395756146131
-0.10676931059644768
-0.36620470222028767
-0.42212353380851025
-0.3012081179786253
-0.027303654821380544
-0.14049415341814797
-0.033866486495911674
-0.14627592166450604
0.3173599148880806
-0.42264825749192614
-0.451361105398848
-0.3700815575844887
-0.02655103502714669
-0.38616756657329226
0.05790483692318354
-0.33814497935332627
0.08457249074728064
-0.5498666534902603
-0.2579742028596609
-0.20553026212284464
-0.2529931469123154
0.21446989427198826
0.6319191005846875
0.015307012452088061
0.11345523630314747
-0.3072330062629128
-0.14115484963771108
0.1535515282963718
0.08275959863521895
0.2616890199109433
-0.03720547951417286
0.3363506430210822
-0.18022088291016403
0.5536849606152887
0.2651037518512599
-0.39810407317512647
0.22076293519071075
-0.04841511613631893
0.1965173108623375
-0.37050517720163684
0.4073364586182972
0.07049451099100051
-0.3107900163243499
-0.3574567557245843
0.703940678095844
-0.11791480711840963
-0.44767011893786046
0.4699061777863281
0.37748747708437
0.561631001379826
-0.3530384342124246
0.3404542680856588
0.29670575622182394
-0.020179338153894166
-0.211017570372182
0.11091937520576191
-0.8403478130164275
0.43365016979498794
0.8402821414163557
0.08555760039418317
-0.3535278020015803
-0.49996269164174356
0.1352939412124012
0.47328398677797645
-0.016647422251871796
-0.06974961122526929
-0.1367777184269287
0.16845855053548348
0.0051342750004308435
0.2992329227616612
0.035080884485804396
-0.17169196460362243
0.3916263154946054
-0.5351760970720018
-0.17429013530271775
0.23291396284775603
0.3641668989771652
-0.1280332601693758
0.02278835687109579
0.0884010809540843
-0.0768027018798654
0.4552891502003628
-0.3163959270596266
-0.21344632507494293
0.11410931176174767
0.45663515794658444
-0.17548537956329094
-0.20128661887518787
0.501780294988199
0.23914703948040011
0.4152700742988832
-0.26074175248228587
-0.22936122218893557
-0.4413011266759262
0.1285820768795722
0.5331650119276864
0.3606574412023104
0.4920762590579357
0.20577748271908386
-0.15345411796472963
0.646262344985572
-0.5300132490015301
0.2074413345411478
-0.08699011180028146
-0.06511665659822721
0.09928651322354164
-0.3281449727862952
0.518191272627984
-0.4813193783965428
0.09339812612762546
-0.22072420763847644
0.6976132681515468
0.005764472958740448
-0.3849878649298098
-0.2713998512413414
-0.6797543942840627
0.22611590875996512
0.07857788952826608
0.22179621058447674
0.007578178551244662
0.2619943027935678
-0.05779204460673561
-0.6654795466907583
-0.18917642080206473
-0.007024744172064979
0.37210556464693306
0.3039986138358127
0.00935705903506373
-0.05175180495644073
0.18351166899844665
-0.168758675778611
0.5757556802937309
0.30249569822527445
-0.053397615813369104
0.1793676332023426
0.6063975789676554
-0.1713569512367224
0.06448246525094388
0.3504625606785295
0.048507195007341256
0.11723235524893982
-0.8907992180222195
-0.8344349107883189
-0.1272605036884032
0.10396771614775561
-0.34766890826411095
0.0985503857131851
-0.37429425468372995
-0.3447944743279285
-0.18452458003661124
-0.2882272550644143
-0.07122577262058699
0.27455761092692493
0.20816058082364222
-0.49773185400767805
-0.0053275440177349975
1.0182141260159592
-0.22207453080193446
-0.3286716659148353
-0.09150174252612549
-0.11161844057184807
-0.5137841963557876
-0.20927180802752163
0.2590801918206413
-0.14341847501499122
-0.24514756997109616
-0.11885702923704652
0.6489369805110616
0.16349490467294953
-0.29329700942477843
-0.2249674510347898
0.2617775928576202
0.35448530635255693
-0.17588216185341446
-0.23095970074626498
0.014286398256868203
-0.25709373909728833
0.1557228241514067
0.044544697452478285
0.27759265674206274
0.020439247630030775
0.2815858205351596
-0.4377689882088235
-0.043736955649597634
-0.030661458556752993
0.4654722186868139
0.19884269045826147
0.31192416487906155
0.1401556652163765
-0.5660702828512174
-0.60360617110606
0.008236333199807253
-0.16087027794780095
-0.6442445143976312
0.6897992059787702
-0.47371252726457286
-0.46154206863636005
-0.01611318133942509
-0.25468989520741137
0.12994851202446805
-0.04552257856124145
0.801025327752369
-0.25350877387447845
0.4409942142955371
0.23950885982045397
-0.030672528126146948
-0.33143158601050393
-0.15747153193861949
-0.16954761919406894
0.09154194421084635
0.20343494332637346
1.4738638590483015
0.6243001421777252
-0.34728236021646247
-0.07076103631982644
-0.04592641521972572
0.01094132806363091
0.5342213998171416
0.34059020660910894
-0.24221795863036572
0.2921056926277602
-0.14207055761508475
-0.5316765390331367
0.6421004870299111
0.6238400820920486
-0.132032103238029
0.04373026635105012
0.4859743918493948
0.2651103578365631
-0.32878011201889523
0.8270255098860575
-0.5082926005768522
0.4017193682547822
-0.14178075341878207
-0.15566933581053471
-0.056289858932594965
0.43712293521060286
-0.2208694200226588
-0.2842351562134346
0.16878335716312984
0.2429499458263807
0.23164262600801333
0.08445172696791184
-0.206339812235552
0.3454468683207175
0.45753101691201
0.17262555223747575
-0.23435715270047333
0.033704648754470413
-0.10450748194235324
0.03791366110379675
-0.7427759174426222
-0.5290586506294775
0.11303103898995269
0.17546429810840372
0.6898352268085941
0.012983418475720883
-0.12427333706841695
0.7336312120532235
-0.12770615857955678
0.6123037153706405
-0.5719191786712777
-0.6142699919946182
0.09282950639542303
0.26398748626460483
-0.4466801718393806
0.2539686295914337
-0.32721149157732066
0.24961143747732373
-0.49328284451835475
0.08086506447466797
0.1048759484810026
0.436023555637722
0.07736396021518174
-0.6870037515297986
0.44091921637122067
-0.24017069654958859
-0.17408775789606873
0.4503101156883872
0.2068022482923385
0.1761301051170293
0.32076930960154704
-0.04388519967840855
0.2413295282769006
-0.20263765365357564
0.4037213598411515
0.09510333856749739
0.07270701234209406
-0.6394200731492818
0.3642980580698113
-0.14027604812069547
0.18395972393352986
0.09253963257200121
0.41854470952021666
-0.06959596830112035
0.2433433859803588
0.1491669399583288
-0.0491618290211744
0.11595018787637093
0.34426267832510965
0.3115548002939735
0.6066011889359291
0.09101119563572241
-0.19540938223663173
-0.6382836039969673
-0.16945388777174872
0.495897579852746
-0.4013105718475118
0.10687706889229033
0.3812659934355898
0.10377153465622581
0.34743777798431363
-0.04156268939963833
0.17518838643128085
0.008933402190320565
0.21088382917955562
0.28832720868072015
0.41988840623621304
0.25386884531588716
0.5402259970324077
-0.07365092551190941
-0.5830148895486401
-1.2017700060355325
0.22102698836626944
-0.19941083862329187
-0.35168027957491094
-0.03629060438217466
-0.17947644966746357
-0.25616927364933556
0.30823979410523344
0.06738882570596187
0.3866167219329135
0.06709223006180245
0.144857593050448
-0.3977259114908404
-0.4548709452322237
0.07304709965443333
-0.3759682363260943
0.3243677170658224
-0.39810360458676974
0.01684098223717855
-0.06058296169630277
-0.28989208260780436
-0.610335669314259
0.5128593476878124
-0.11121452035944412
0.3335002916887013
-0.01794571978775958
0.3987932526227384
0.18564782082254006
0.16368827141786757
0.6675815686945084
0.16056759008848745
0.08545978914313586
-0.09881944997197059
-0.2952999760391055
-0.09219958775487745
-0.02080028128911321
0.1272197065718672
-0.42195328434393115
0.0210144253529589
0.13091776546063355
-0.028959765115558277
-0.4325612999697008
-0.06184624322866078
-0.11111442038809384
-0.1728651065085442
-0.30631946055320214
-0.6741469836631955
0.17508229148058863
-0.18337043659449695
0.02104066113268941
-0.012955476020751693
-0.2185986404831171
0.050201970060091375
0.38848900363626904
-0.17870089158111496
-0.114936447727627
0.08153697092772551
0.5459168244027578
0.3087733400539593
-0.041550532015294406
-0.310644628746481
0.06321814829942045
-0.4192289791275868
0.4539839849014356
0.07151069226046822
0.7369817896795472
0.29065748021919063
0.5044822573213591
-0.5936039505053115
-0.1454165246422662
0.24369654820046
0.4128427947178187
0.04932972381794064
-0.3522439129561749
-0.23449741416077105
0.07819086584408294
0.559056048018038
-0.6380620616549858
-0.2040763906651347
0.30197607622758055
0.7037268168118354
0.5420365242660552
-0.038131145029590974
0.11393786555957086
0.0760801779097022
0.8042753872438801
-0.514692907026206
0.024282839612695933
-0.7213019884647508
-0.21508755002115154
0.2852127423791532
0.15071725960858112
-0.612873287345299
0.3175076085967204
0.26877368714693606
0.4379533674323736
0.24997108188554587
-0.22320719894635546
-0.47291761087934236
-0.5648187116038138
-0.13952635274866826
-0.20050319167142594
0.3930581101634339
-0.295992179319644
-0.8214877528225792
-0.01717926990403447
0.0028559941795037735
-0.20070260060441114
-0.16162193814737216
0.15675115520615626
-0.7832132683341765
-0.402062540532709
-0.23201631481227558
0.1815398780072558
0.5187761776342183
0.15654638571418317
0.1531482083116202
-0.25318467798430744
-0.8693478309046433
0.893370717725442
0.028400222178853535
0.390117223553372
0.26323524275597215
-0.016325958192332606
-0.021692135517361343
0.4788024286286404
-0.500017406157902
-0.21575665075648456
-0.2040841340577397
-0.24535459482278996
0.7346946752768458
0.13618488482110058
0.24977171914125992
-0.4370314460920762
0.10949303886611529
0.17460364674297565
0.25703165094867714
-0.21753437361280858
-0.2052397649914014
0.08180866121922294
0.3553804147441235
-0.2013175443593919
-0.11757455549467517
1.1894690353385093
0.10430665790938246
0.07893742912741145
0.16922997973336124
0.3597001521939696
-0.023122317844340233
0.30027061469651983
0.04575803477299209
0.14394205942345892
-0.2275505059617678
0.537272286813073
-0.06481032665709534
0.3313219983964302
-0.20135939253867594
0.23109795528664562
-0.5764674844214556
0.4243495330074831
0.11836003467142955
-0.20346227864717267
0.06970925644725356
0.12225702801817548
0.22429353551902942
0.20279550348704034
0.37960081564335485
-0.10668534738295322
-0.6649809728065497
-0.6493137474627626
0.41903231898254995
-0.11144359765419463
-0.4381110192460986
0.17685300140659055
0.3406728932260918
0.33001877528131945
0.03794087721494968
0.23040186328022438
-0.13024493735936155
0.03703077282196272
-0.4938094515843286
0.1307845788607648
0.36019025767661805
-0.19131541545296188
-0.21482554029443435
0.8879141569408529
-0.27217974328080613
0.5037907211416439
-0.15240401530680958
-0.2011020923631009
-0.010663769275384212
0.2004378180702183
0.3324228002548192
-0.7238719891476121
0.9010549178427956
-0.14412183346842294
0.016964677262294822
0.10777694970344129
-0.1182263492578483
-0.013137924591366305
-0.09690913628331713
0.060988984271047916
0.15749225942484354
0.3485821179182574
0.3732500884795248
-0.11656319283184344
0.17621824357158625
-0.017975941108838323
-0.30169386549697175
-0.34019487541456456
0.259620112115457
0.9665132299532322
0.09678402882962062
0.28214695436529036
-0.2050007447534533
0.2151865263786948
-0.19377500846773096
0.16809547594569793
0.11522407081041613
0.7440722961597473
0.3522909400701897
0.6242377769576559
0.40641866271484306
0.6271001470092971
0.18405892393562484
0.4811014479994572
-0.44632323341871716
0.4210021618880271
-0.13091036375907972
-0.1051078924542953
0.2060666190310943
-0.5056969612333724
-0.01669715750856638
0.2702061927550493
-0.06626891461771729
-0.4142938683184939
0.1323351328357259
0.16493069235205704
0.2875429634603834
-0.019617590503347257
0.02865322119984348
0.11960751474795456
0.16714524267378486
0.6175753727803079
0.2638559128625302
0.43779105689655795
-0.45907257489198827
0.1922741180226225
0.41876476683480374
0.41636244180889986
0.1991001462274295
0.05944027851289616
-0.2776616984454493
-0.08500069368343569
0.0007530923099627503
-0.4016628664652982
0.11676080911326667
-0.17576974070608292
0.40859462904569394
-0.253644020252386
-0.5067671424671949
-0.3068886692235874
-1.2067258088543342
0.3695315814004047
-0.2921944586378351
0.12030141906668876
-0.0463309294277184
-0.2881829310192979
0.2327177913268828
-0.4874620324940689
-0.29085612913080927
-0.07568745405560368
-0.06911388559046497
0.41653511593290665
-0.46500930843559374
0.5058241260329417
0.2508676817965236
-0.5872640584886895
-0.3427953498601338
0.0700619479689195
-0.6125672506980391
-0.4074141957554779
-0.7035726107086645
-0.08862857591115447
-0.23811943840957717
0.17260682163982216
-0.31034784732363574
0.17059652671314687
0.34444094951401716
0.44593562747541954
-0.5906895229433718
-0.03871503968073359
-0.0642856833576291
-0.1770550655790586
0.4166500754398051
0.1256351753682727
0.6677237859426355
-0.18019798621905092
-0.12545831618065137
-0.2231958924033966
-0.4187847996440776
-0.18121994760563553
0.19696746473234913
0.4526398656524345
-0.48763162125868725
0.0809025868444643
0.2959889159197659
-0.37925960969104167
0.047163396607013686
0.25286647725726263
-0.03103496123896024
-0.08560795575556364
-0.07008692832282909
-0.34782036258502996
-0.5891982545971577
-0.6651013887277334
0.09619965534798117
0.2811087629394554
0.32419522756270586
-0.4790079147328434
-0.060480805400051865
0.13218076029426637
-0.07132761713096533
-0.12423023381137901
0.1421984272026018
0.2591271963163779
-0.08034143929131865
0.3656161039162493
-0.31979057981344555
-0.3717134857067899
0.42641633784413446
-0.3324838163534422
-0.6658285154724409
0.42894071866565875
0.4810630808725029
0.39349835002201417
0.17916016425592524
-0.36355390195695153
-0.11881047148409105
0.35249693508388125
-0.21773429088908547
0.09113498971206649
-0.002723891060528491
0.14955351402277425
0.3283650120128903
-0.006916829112955117
0.15218510585915443
0.2592857644910605
-0.2540571344150694
0.29365562180189375
0.15715938301920407
0.0443721986957475
-0.07951191133736289
0.6776949441109138
0.511450079173132
-0.04654699256910293
0.14537650355186424
0.708791851553296
0.0407998002916114
-0.19867865770181972
0.23988632493455864
-0.0938343722901927
-0.21894123453409953
-0.04002590152422157
0.297215364394826
0.4347515705245428
0.49074282859619156
0.1329970855283792
0.6815436926116234
0.2305039921330287
0.4562946768110307
0.3293160931958658
0.8710547978037697
0.2564910169392776
-0.1619995175311411
-0.2689431666418141
0.5457796504712557
0.7665291366300914
-0.35238615916243493
0.018865808375514055
-0.23479856477950214
-0.10356258606790347
-0.05764060848567454
0.12578379357956704
-0.26680524315255183
-0.20058211405815649
-0.3520211420719948
0.6053269311371936
-0.6592784198249215
-0.32712527037583705
-0.2546719002543704
0.4877485670656801
0.07025051077346078
-0.4536973842135663
-0.07001777773269893
-0.2778190369168608
0.3629849906191207
-0.17427613634617317
-0.7830125950887814
0.04461218017670284
0.13915732946341636
-0.222932646310448
-0.09897049663044208
0.2516123962581377
0.5220476247836328
-0.09066466631672986
-0.575988084503251
-0.11934719815918479
0.35963689651062775
-0.4112789874523621
0.5195724786374398
-0.33158058066060164
0.08641133572328019
0.5843699981533137
-0.1923209583712337
0.3372469406764326
0.06389702714105283
0.34225918124355736
0.6954528914689115
0.21022623049549774
-0.13691086825236456
0.21821248905859394
-0.045613139736782014
-0.20111522396820108
0.14821046076511257
0.7624490481606725
0.5884116160573202
0.2598504023415353
-0.07203519329770036
-0.5512349439196041
0.4109460187699464
-0.001823081414141961
-0.11179165085447738
-0.21460382542538448
0.0022980341768212634
-0.02399996798620046
0.07185218706614951
-0.27320160569862256
-0.01385338231256572
0.8467522653798937
-0.3470960889066642
-0.17076573194117853
-0.2450583917035229
0.5034136323615409
-0.2199524015818362
0.3405878772521248
-0.2383649027475456
-0.01832591000121976
-0.7439143923307825
0.008622461880393908
-0.405964488475382
-0.3578917001671925
-0.1299612081257232
0.161771366499869
-0.2214333049524426
0.3454447757139164
-0.28165105282667857
-0.4409530492653081
0.03295081659378178
0.18485030649541562
0.29934055907987883
-0.3375023866080937
-0.6256589176468149
-0.3071040156014062
-0.09685653470405509
-0.11894332488230897
0.09586813600184906
-0.7341175143971628
-0.12255868822663704
-0.22951510458542423
0.6515059900346553
0.11501897869905343
0.36431542073939027
-0.4380572988454546
0.5135057937531091
0.6761776419439113
-0.13345671240191143
-0.5460107945592716
0.4080254014370916
0.2368056788827372
0.4594154987887203
0.758018545086157
0.0071482314391515325
-0.03287963719335366
0.37155902644364797
0.15582591815341856
0.4352311801005912
0.32281580646169866
0.19574846141019578
-0.38615848043551837
-0.1330416032856777
0.18218339772123615
0.1501466751460135
-0.29410565431234814
-0.07657672224597623
-0.5519650131496899
-0.5363881360461075
0.32042763140510827
-0.12618136161831303
-0.04425037312817152
-0.17087763977820852
0.20721537354034847
-0.2840849982930928
-0.10668674565281867
-0.356270517915219
0.32354560834829005
-0.23098195944262342
0.6189078128829159
0.0202641965136049
-0.3443005928307158
-0.0938516088334384
-0.03259090317744162
-0.2559075043069415
-0.1997098776375116
-0.37965927963066975
-0.33778595955831014
0.11462117172519934
-0.2488161938339578
0.5552342317850838
0.05338109337195926
0.3404171130999455
-0.06118638740716563
0.21664028298262988
-0.0883089228747527
-0.25395764080835775
0.09317857071429593
-0.08646578084465886
-0.004075425217154795
-0.02230939381491542
0.6732224511764396
0.033123046034502224
-0.11147605822916754
0.07837439291605791
-0.21462104520163205
0.23314806912519564
-0.07546548519316607
-0.2969818749448116
-0.14067670545303818
0.44742924984341736
-0.004689867626138962
0.09862341976635404
-0.4346956774939844
-0.3042395546716543
-0.31374279902661245
-0.5724262815667537
-0.18391880541561845
-0.12029721506564042
-0.01061021288298809
0.4479496267217492
0.2248549186179977
0.4237620864074116
-0.28677802931516727
-0.027704754000370452
0.2419462914486014
0.21689238325314414
-0.1594191658004764
0.13458905913261884
-0.36446746577954525
-0.0980094708087447
0.18893941840263473
-0.13031673267333424
0.8007784972969597
-0.40827683686546734
-0.05351928149723699
0.00832495302311953
0.1904143391567192
-0.3747977316557417
0.5699750606114639
0.2156495933891423
-0.4306619993519917
-0.4583088793717976
0.36406565689441894
0.34390376683668933
-0.3227688679390933
0.6111667127195443
0.4597503751500453
-0.10753828207202754
-0.33484544494687035
0.18482014135226205
-0.5869231134762802
-0.22618174182301756
-0.1793665569219895
-0.15487855009604184
0.03215031368343339
-0.10049197073546436
0.09082487211098
0.1606381176730794
0.5211891906238552
0.21637068003950052
-0.11990813160904629
-0.27927855888723946
-0.07300851210231224
-0.2778765605888032
0.08838776423229369
-0.050870317414312534
0.2058307368974106
0.12443313561860622
-0.38222000486233115
-0.370885584039517
0.026322473257148184
0.3075716917823327
0.002990900971717246
-0.10342971522833205
-0.32760176747258507
1.0502794345879298
-0.038368083448410924
-0.017631908551114368
0.32208909384623324
0.45798153600921
-0.1590235427754904
-0.1566143293013362
-0.4710276914430219
0.155046346144992
0.2012001932301575
0.014903832936995431
-0.15946972005673188
0.016913269575398265
0.2608140698327175
0.0050609171000715325
0.38152288963549913
0.3205842727582353
0.17967143435760197
-0.13619357299836193
-0.10453531754163879
0.13392732213508937
0.019706940736888886
0.22668516437367564
0.2898082243935637
0.5653401483284998
-0.09450063956522226
-0.005546636911503724
-0.05241179179433032
-0.1980009179710298
-0.31291395837504304
-0.38886174125366335
-0.24636242359438654
0.32697397559247765
-0.2167385848196132
-0.52283465865086
-0.3503622320398871
0.3139981568082547
-0.22194918796847124
-0.5020163564129638
-0.2180821526711136
0.2073970843114807
0.2268021898690283
-0.2073316885075289
-0.1722986727711907
0.07980813017943968
-0.3647268781904358
-0.22359456851744014
-0.4364447374426665
0.010309940969770011
-0.08121081336301822
-0.2287220616912321
0.7907309703093878
-0.6007359486688582
0.12440340428695357
0.4524168999403584
-0.2260528431053211
-0.23527844060913744
-0.34030819769911624
0.03936362997397359
-0.3228982711698062
-0.04375562675767821
-0.016459428749363625
0.39622747325286317
0.3128069041766418
-0.35498635814731655
0.10356862576214693
0.13756928823419462
0.12017839948411524
0.5176213186004897
0.6522953246154186
0.5891129406271535
0.04618098655090713
0.4883317983151123
0.1301106086096706
0.3702661377283268
0.5010432501389115
-0.37997523961407587
0.3185239333192596
-0.13945413740452026
-0.18111948646697046
0.5153319833515271
0.023334064548917743
0.38929755092714385
-0.6145112246268677
-0.6099845441777668
-0.5155661829065065
0.08612015977286337
0.28518339390764796
-0.16756631795373758
0.005645310098541998
0.29018882061318524
-0.03835044084242952
0.154733053309879
0.04743781788274144
-0.018875063916124424
0.2665613007972852
0.22889482672287212
0.5304444069799008
-0.3025917307066213
0.018046950892495313
-0.23793869688549957
-0.31889362812071215
0.18579306331131912
0.42696976282934906
0.39354432906019343
0.1421922272227214
0.062432071698984445
-0.3308736805725423
0.07579910366260331
-0.01972428685312242
0.11824096982218844
0.1937051155783221
-0.02984520728062312
-0.02092428882115191
-0.18406003890352746
0.059669652880060424
-0.06553130739755188
-0.1477804563828828
-0.3933512300366778
0.7628998184599408
-0.18190477339302022
0.3274331210736523
-0.02897314884780056
0.01473967633096939
0.28926522770996255
0.3540259390264777
-0.666055265072473
-0.11523583689029078
-0.2593215719367045
-0.2780614991126851
-0.36836459248858283
0.11808800793035153
0.17280773835208965
0.3677754938783663
-0.27703471700609444
-0.05163271817030765
-0.03779931010395701
-0.07231820070044542
0.09204937935256227
0.10462139504900017
0.2857751269515179
0.05577331533271585
0.25829232055760254
0.0540182070521909
0.19878937160040167
-0.00031182184784393774
0.10959356543759319
0.08510601536756367
0.5783600638723669
-0.040400597741309184
-0.7079997636492625
0.6714434446802969
-0.17335890832970957
0.6907013425798392
-0.1408540593933406
0.16292899922477616
-0.3569093516694264
-0.11425654429859029
0.41840497726123854
0.301791799023548
0.09197973734808468
-0.23668148289907856
0.08006857843368922
0.23626208580845848
0.12703140690250517
-0.23038768218162328
0.5159465488357923
0.5651126479542777
-0.4963433437226292
0.4221120186030367
-0.02394145426914975
0.11661180187974292
-0.03672323596163137
0.3454016416429517
-0.43983639445249134
0.13876236338259465
-0.293455389125328
0.14582192442563216
0.037968391072591534
0.31845531579930475
-0.4464287610316986
-0.08229458508342763
0.045295720426994195
0.07750670738074394
0.42503997907951613
-0.7114236232816507
0.12949050041277266
0.253320108954192
-0.08539712781817407
0.2462321096217173
0.07459582264847955
0.37578402186312976
-0.30902633276586755
-0.1432014064692075
-0.6992910772878349
-0.020252525324600378
-0.5169488082160314
-0.08907905415453996
-0.3981884709969198
-0.07487566819534217
0.2729689858054899
-0.4020334275479429
-0.691259094229783
0.00038893075805879196
-0.10331325609921552
0.31020918883210885
-0.2697799998683957
0.25903244923452473
-0.4277930321866902
-0.07197432515366023
-0.19780814925059254
0.08666213909379292
0.48616581722642094
0.3542885718171663
0.39149813530461824
-0.05321242750351656
-0.257393414713923
0.18722319778059554
-0.33103124935784284
-0.10895295818406758
0.060788450916780874
-0.12350762230215491
-0.33659373140369925
0.4941711235909737
-0.0788077558594844
0.4549861913697313
0.2051671834040197
-0.4220456180198069
-0.06832258350631462
0.37568225797808147
0.013915550728726807
0.3434193854168854
-0.5053196907037567
-0.630076905412723
-0.04078927618754823
0.7422276443963343
0.08390138188044499
0.048610266798323254
-0.5316777992340919
0.29272856599226627
0.06485147502581154
-0.44159391857582286
0.07859928890193695
0.36878652887486635
0.3993287733926976
0.021245544484253656
0.43253669909593184
0.06314503553736828
-0.7206815081978566
0.07990525147459902
-0.19634556249564555
0.028424286399376275
-0.07629635024042254
0.21852265173939267
0.2846343162392963
-0.04426857524558223
0.4612462501752057
-0.19407622642608285
0.09415002058634744
0.2954475328657358
-0.5102206444451929
-0.9053604848827781
-0.39532510239329094
-0.4024536478269177
-0.059432627632242524
-0.057526187967158755
-0.010253403410498643
-0.2206238458568457
-0.02136773211712125
-0.1040588204690047
-0.10289490702503212
0.02828141167487149
0.3720298367493197
0.47843779460592667
0.735120012977559
0.14683370007019259
-0.31084163778074647
-0.2546062791563002
-0.13787797968808307
0.28334735978695785
0.03961193712745395
-0.15110396660837133
-0.5359714014222562
-0.000971533719727774
0.09456375498943337
-0.20360581651861387
0.48197665269163675
0.16307006361034426
-0.27997404561780104
-0.07028184661889167
0.23549060926455403
-0.1565036280834167
-0.6804033571089921
-1.0217519353119606
-0.16321136599475164
-0.01916844219569941
-0.48415218970097595
-0.46452529835946166
-0.06453794712670272
0.2923239656911448
0.25579177907060663
-0.08358387916400781
0.36930126129135565
-0.49815056155766313
0.5653728567897016
-0.7398540892183202
-0.0327993076232069
-0.19811094542677127
-0.14951791060015618
0.4594108304869285
0.7169197731347672
-0.6050995949491407
-0.14542860090944829
0.5661155934103715
-0.21573966399521088
-0.5395635362994223
0.4412854019524367
-0.019066483911772073
-0.24301902720810853
0.04453413379665
-0.13696515949377225
-0.03325029909282259
0.04671879415354198
-0.13880223573364364
0.18424541595581734
-0.009659849072278251
-0.3546508975623403
-0.15466647721532925
0.0929206547867531
-0.27914420856494027
0.34906413422633303
0.7534348262032978
0.33687534654245677
0.36021948726931796
-0.2788586808076139
0.18909738715509455
-0.2385276423712773
-0.30804064744611237
0.2556031317302457
0.1094366414781909
-0.3682125747659504
-0.22472465491292407
-0.21196541563471533
-0.44099274945082684
0.5555567126267927
0.02658172231491108
0.282115826527252
-0.21474982929852623
-0.1408575221498889
-0.13322034945694639
-0.2664792178740413
0.4204785253000394
-0.5592284094938342
0.31692142508458815
-0.11517616970957878
-0.2717488064115111
0.32501241860066044
-0.32561937688139175
-0.30322036018571474
0.028363807353841336
-0.5717281357610373
-0.11535804112017671
-0.589650525442697
-0.001900419471028949
-0.40943454660143236
0.4567644537657737
0.5271814799867234
-0.139374443171597
-0.17170912491215884
-0.32493755704856975
-0.33401093727076797
-0.05371215154648396
-0.21876105838607954
-0.05482296682527855
-0.2751669515853144
-0.5100606707642734
0.46236324490251485
-0.14691502146180138
-0.38331805128343815
0.23792428392722476
0.22643487000507456
-0.1979568749513963
-0.0806685438471457
0.0997988784241121
-0.05208742426671454
0.1443879149534481
0.08877778723091315
0.012776891443541693
-0.292768929244926
0.2459934472546687
0.04689948604954439
0.02229492733287955
0.2407119745516746
0.27085054025557137
-0.0948595200848063
0.14254269617345228
0.5468395959459443
-0.14160132817774237
0.05415543605916588
0.9238099769140711
0.18052269577607602
-0.4344139273421958
0.11571987376857465
0.35887884974192713
0.7955199357990835
-0.02329624009312072
-0.26232835965843965
0.07688431482892813
0.42535736398341806
0.2946541494800339
-0.13263977603153312
0.24315520447110378
0.04882119148522901
0.2962360549677972
0.17483194921389716
-0.29546462313404126
-0.06685967692342716
0.2276773289557782
-0.3984999911995074
-0.3891113883945846
-0.2605095339794805
-0.18775547133102594
-0.41517854781087393
-0.22818783792404101
-0.15099144934927916
0.28760140297049497
0.30395574388847896
-0.02948720862727914
-0.08908276122449527
-0.02953620209066378
-0.8722552828578892
0.2783234118808271
-0.043257661902822535
0.4682696305180142
-0.015538000739669607
0.6575472177791429
-0.03226764418485006
0.2914087742779852
-0.29673286234277363
-0.3902431518829131
-0.05504606228542838
-0.5261809441903814
0.09081757147211188
-0.11067751980580927
0.018846426385258533
0.4946443729049304
0.4187109695702916
0.282900621145314
0.11398329630759807
-0.4311357076890471
-0.015934207036827838
0.09608732461368341
0.366629525609194
0.12300426609477513
-0.24764766130223728
0.26253658220531584
-0.9143566675536314
0.42325898671567436
-0.030414107446528893
-0.5666600825822766
-0.38712200159441323
-0.12150540414477173
-0.0040731859391889
0.3952765130600619
-0.23744772072147363
0.3260968023840515
0.45730802764863127
-0.34950362420108916
-0.5167687232339049
-0.5709797398104404
-0.2682376551462398
-0.02793528304738751
-0.3160277029663717
-0.22332056318554566
0.25300586328200625
-0.2094363510312704
-0.48446288019544587
-0.7967598694332216
-0.13296675421500265
-0.3183450485631634
-0.3329020237533723
-0.325193718665748
-0.6462064245113074
-0.6534389803717083
0.02506968117578793
0.10899750431737809
-0.02448358814481831
-0.18490681409427095
0.28641564359164867
0.16984809330726064
-0.8850399815158599
-0.40044160182448396
0.5240032963416409
-0.009099827015764207
-0.11952427571968556
0.5384536036729273
0.13390316926797335
0.43977551815172367
-0.40015041197592366
0.07680161226306564
-0.3325252344945764
-0.11935178664760417
0.0691494152379073
-0.007607373051787568
0.022536422217431417
0.1535602275229626
-0.3762555566641893
-0.178246659997818
-0.2921548937054476
-0.5750203275385672
-0.13552497034699712
-0.17546319873866692
0.41439048472427426
0.5743315152206236
0.27452974547576325
-0.20869041973522023
0.19758049627722102
-0.3798893148355736
-0.06726989120231389
-0.37545980482892205
-0.37351944491942907
-0.7414350836480862
-0.047196249070396136
0.4655582636473275
-0.07177213768686187
-0.43736613286591963
0.4418940549829494
0.055948114264621984
-0.2779669787814425
0.23882671892782487
-0.5591616959502697
0.3114470482089457
-0.027114681582437967
-0.03329310802360863
0.49828682252086093
-0.24831456040073907
0.17904452118632921
-0.3639811603766339
-0.40092641988543776
0.15043597601094963
0.3339321925812944
0.16067950961390418
-0.2506783876845886
-0.4626749386583541
0.10921119023246009
-0.25501482611178106
-1.1155147937980385
0.4841899792240039
-0.9390439543380309
0.42624746746335884
0.011715035752900206
0.08974475450682924
0.7145160872809565
0.3256911970214399
0.1465935247848495
-0.035489066476485136
-0.15155640818001107
0.22224622126340685
-0.15252570994711534
0.7715241831118489
-0.38301525451588025
0.5273830229641089
0.2056156570546983
0.36045326954596957
-0.7474530740891248
0.4932905625426112
0.06080085047776717
-0.4656805044936684
-0.742680101646542
0.06107361945051652
-0.06487285007472735
0.126981373919618
0.1913624767190415
-0.4453064534154665
0.36155414313783196
0.40826250728293245
0.13247522218177193
0.008335296552664004
0.34497501781238876
-0.11885162649785731
-0.03011123427741738
-0.12820877217588272
0.07800536985321868
0.03610202233496598
0.30374358769941795
-0.3287463361116061
-0.008142371381900104
-0.08011439053307703
-0.37355593456524877
0.17300354061555
0.10153067381600879
0.11179986469128693
-0.5285077940055342
0.7738671047108192
-0.041802655377081124
0.012855624930848011
0.4201363153873217
-0.14399810772093855
-0.4501888741299408
-0.07769153710973883
0.5677993346882361
0.6484307979229675
0.45541778886145745
0.4013144466351008
0.420572695618679
0.026143008834893372
-0.26711863978777456
0.29625991695188575
-0.37915806309780153
0.09776181857225406
-0.31825536926247233
0.311181858534763
-0.17881694245941415
-0.07051090616357125
0.13220146516075235
-0.4039980789696045
-0.3340725164514512
-0.049016771800480585
-0.13862197584170394
-0.49216430747739787
0.11005746252928836
0.617435305088767
0.40366593082488245
-0.5460004678143839
-0.5725876862367487
0.24165393730292012
0.17862373884711827
0.6103421277313655
0.3636848054922187
-0.0883720747605047
0.25707273165659666
-1.0761035851220568
-0.31600997630253114
-0.029595709245103345
-0.23750268982549297
-8.857952603810726e-05
0.2611986660899146
-0.5986177999650248
0.4923093273753075
0.12611758574727322
-0.34184696307966866
-0.5798138899949782
0.3326881383392691
-0.5426699454534499
-0.6909583172354088
-0.19169205997304123
0.1817730554991313
-0.18986183156490283
-0.3701052161108638
0.12713785333701633
-0.3974753820462855
0.31195743193525505
-0.406597888976466
-0.12195952767389141
0.20482863769439286
-0.26303688999186625
-0.1397821715719762
0.09741439267471584
-0.07444275035072526
-0.23636283817444842
-0.09462479954193934
0.6386827642008899
-0.27339755921686393
0.7346165567257088
0.4098705104032391
0.037420254332809204
0.24673135519365136
-0.19112464929949435
0.16612647921663073
0.27994551144824775
-0.12097952334725412
-0.5487806376196488
0.2247357278016014
0.22322088522584171
-0.3834034634718822
-0.5243129409840503
-0.10130084289605538
-0.34885122676112895
0.41423806192572776
0.7029607738054129
-0.362034545826925
-0.13867078392797644
-0.22536088572883142
0.04670940582620619
0.11466707191794466
0.06395124784970815
0.3804058905241691
0.27506212705434335
-0.3695432877119345
0.7095010086591713
0.4966882009432539
0.6286795577281974
0.35373219815654117
-0.3179924197950816
-0.10123719934543983
-0.34330414505275536
0.46744867150148894
0.5962881109559539
0.0906196909792196
0.23072915452487827
-0.31974804998619577
0.2742881004736755
-0.9504376907121338
-0.22027079848104206
-0.21268714119086077
-0.7139905462578162
-0.33207133527754074
-0.495364390266416
0.051300583386777426
0.15624887735821474
-0.1518758674606657
0.17463477480289544
0.6191040434718182
-0.22394505521476374
0.8172581154785536
0.34298858736159166
0.4887410869232982
0.38151216571877644
0.12299721106962243
0.3453086641724161
-0.3516298388832687
0.5634202050484789
-0.07023256557827944
0.42657169506684844
-0.577282907900042
-0.28405392091031106
0.0830779742156094
0.7569509052804179
-0.4776201449679168
0.11750909668423118
-0.18390544990044536
-0.033045268869562626
-0.1041584417596753
0.22794005977569967
0.7779597243611789
0.2860772742220978
0.5022172889474327
0.10208592131607795
0.2389979315309978
-0.6867158246781112
0.38288719620604006
-0.013537651140662101
-0.5122295492837002
0.40839408594099336
0.5114164319619386
0.7242087484553821
0.17485582955189352
-0.058085295543748534
-0.19017623764331387
0.3882405424669436
-0.16527092890728448
0.29806396395715395
-0.1545510690009426
-0.3004521227824421
-0.29294558773009366
-0.17172285506879353
-0.21800445125017442
0.5887463823425084
-0.26532570900447483
0.10197911014690025
-0.12791437134113015
0.32857379502095424
-0.21861164115614704
0.3720693562403063
-0.30068434808890643
-0.5560174512662085
0.013214878026729007
0.046659299186447664
-0.4522512362732476
0.28792744201065307
0.3324628423166178
-0.33472005633139734
-0.3126180727188288
0.36052226217462485
-0.075858350441528
0.40888180739375696
0.1846879555268474
0.11850723552485588
0.18676270362308325
0.4373655393339849
-0.5806401766260999
0.5638601224947426
-0.19329374404220767
0.24354543631947043
0.608625491025428
0.6629702053575312
-0.19700245713267378
0.2549874512965348
0.6773488167139742
0.23165664043015174
-0.14114958761342616
-0.4411829626414316
0.09058217943071747
0.25342035011269665
-0.19780132873163217
-0.30432334452534365
0.3215586341738435
-0.13902811738622028
0.14151851264731263
0.22611818632712707
-0.0904595106707734
-0.18218189623237774
-0.11559679069298053
-0.050549068249023874
-0.22446930286489597
-0.5018460943143538
0.35621386904363955
-0.4626482641379475
-0.0895089329229822
-0.8311130199938923
-0.13022323914579648
-0.5810079684449635
0.2771694980598482
0.4144495662048036
0.5606295834877972
0.6823651843702837
0.5011464246946289
-0.2870970336392365
1.1306251022465685
0.553375460364977
-0.2543641106758231
0.23124922409695045
0.02356128880157576
-0.4979210528432135
0.13272776187168953
0.06441993792125357
0.31465957764880936
-0.6705872023201808
-0.4777877572500685
0.010268392948197869
-0.2031762808203796
0.04634925321656802
0.6470526426338321
0.20639959952019607
-0.09233639128315782
-0.23368788330110093
0.0031942497599360374
-0.6342452130768393
-0.14788285833346465
0.6425067702978671
0.25606220725033985
-0.2712096060177925
0.25988623020546797
0.66982454585674
0.11188557122985232
0.09785286430338815
0.08456041765858963
0.7281440056264011
-0.08085545333230565
0.3256851062980748
-0.2694159331973729
-0.025566410412245624
-0.22013895858876142
-0.32878952764492425
0.048389907749461086
-0.11796428827897697
0.7104825047637167
-0.3470140334545029
-0.048845266686477304
0.2239001741889834
-0.056920229338589506
-0.49985623306457044
-0.22917660404874302
0.7016267260867313
-0.16800904612465897
0.25551723979733143
0.4671246159636272
-0.21764106537767114
-0.48015701830382035
0.23070726400171107
-0.11375381198958119
0.26904400346891155
-0.7070046020021673
0.10485743628531777
0.0028515238931218073
0.40592227187843655
-0.38374838557426827
-0.42185796055184915
-0.9269899434652082
0.04069880845213452
0.25968179883830983
-0.10840254932975205
-0.4835597979740899
0.14104922267199857
0.3066316133751461
0.2554309781752384
-0.12810623532362497
0.36774212956031527
-0.3671749646121912
-0.19663396163104477
-0.35797661657333657
-0.4313917927479284
-0.24369752821742793
0.000701320466650307
0.28870903225762495
0.3728906011024405
-0.41951357429776104
0.5040384823719153
-0.2619320622357434
0.42533420530091337
-0.08992489401200633
0.74437808796862
-0.2390497430998623
0.5604475892419712
0.10956033356852046
-0.00011014565157766668
-0.3940009304308385
0.20459259859727172
-0.07667033325068663
-0.6690149370646572
-0.5069520965734321
-0.9223419205760508
-0.33960780016014375
-0.0064618305287619075
0.7134051645066737
0.07237460296312806
0.19520661285849422
0.5459925100262915
0.8905104640585912
0.22478747238063776
0.6216045180678251
0.13740698788715155
0.05687735770200447
0.3629018078889483
-0.2816291960920267
-0.19216135258780748
0.06864301167711447
-0.5504520411215794
0.18313087738580153
-0.3322814646270486
0.07469804992415571
0.258637076542666
-0.1654986709452656
0.08644151990537649
-0.337793576210871
-0.19372222050155286
-0.6041562207581237
0.2768421672486554
0.27450521133669237
0.3562429436199266
-0.5932541701555096
0.1865404686965867
0.22629003791932625
0.4663546517361741
0.2394255548391589
0.1928305528186282
-0.19893359830869722
0.3720247168675235
-0.08410971573447437
0.7964842028423039
0.8237478356852896
-1.0509077669918006
-0.2624872892420035
-0.2002365729484661
0.1688201216818915
-0.043845746521465806
0.034663823167784866
0.0818204575480308
-0.16680510764799206
0.2502112488026268
0.5346699970417355
0.0739911635144426
0.03878538454952028
0.13238048947529313
-0.29170471439841045
0.04898124476504365
0.27186581406605026
0.450577317210651
-0.22276489711206285
0.3845916752392124
-0.16917986420958375
-0.38702468173277615
-0.22757515652687027
-0.4086579249869784
0.10461325525156914
0.25527367912766724
-0.22678750182483953
-0.0550714002164698
0.39241738444132845
0.11639235070565325
-0.12221138706340451
0.3762556113578861
-0.036967204411439615
-0.444235618670515
0.39052402652547547
0.05889458135379854
-0.08882198179670926
0.2008045053810326
-0.0703643306995004
-0.40167164262404387
0.7017705683823293
-0.24307160967189204
-0.05274407147466283
-0.10409270940544266
-0.23418979558682615
0.04783564718391592
-0.0669300826036827
0.4963157014927606
-0.281071851634708
0.6167554570335726
-0.03308236846868455
0.09280636752056147
-0.4878368327165521
0.3054769919222596
-0.07261002645769947
0.30641232553911407
-0.19944535313567557
-0.21456457159195622
-0.048068916412118856
0.21032842153750514
-0.132743136785122
-0.03227640874841316
0.676977216529903
0.6181522480484115
0.1936809923159965
0.2972304171428558
0.09178531539588444
-0.23978054427168874
-0.007546170651827125
-0.03172855823998105
0.1091585616931051
-0.8630335132951228
0.23429427631988975
-0.21935865057930237
-0.3027545536339956
0.39538827243918556
0.6969275339158175
-0.5186561779840949
0.1396826345221037
-0.3047166178938702
-0.07665705107335688
-0.07233263972322974
0.617850516631199
0.15560200588251183
0.41564462387699674
0.10469829126358692
-0.4595765662947369
