0.8242756
0.84449744
0.9364776
0.8356563
0.6257315
0.9766474
0.86920655
0.9067222
0.8935915
0.89743435
0.86375695
0.7663081
0.82798284
0.8386413
0.8231765
0.794008
0.9082623
0.76316017
0.7773242
0.80856615
0.8076058
0.843654
0.7976906
0.90992224
0.89395225
0.9381492
0.89885134
0.9519929
0.96019655
0.8581328
0.87694067
0.96539724
0.8868716
0.8244592
0.8534368
0.8639252
0.89260644
0.8326109
0.84801686
0.8645063
0.88970333
0.89727765
0.779517
0.84115887
0.79467267
0.80508834
0.9839897
0.9238929
0.8779428
0.85937977
0.82071686
0.8189907
0.921901
0.8612895
0.9014725
0.908165
0.8897879
1.0099008
0.9214954
0.8668954
0.8261831
0.8458737
0.8699424
0.888419
0.87740344
0.9888499
0.9057004
0.81513745
0.8539699
0.9952214
0.8857631
0.95201355
0.9258381
0.8513517
0.88132757
0.85999745
0.99902606
0.86566174
0.8540798
0.84700966
1.0571297
0.8208566
0.8766399
0.78236985
0.9437691
0.8953588
0.75689334
0.83404905
0.96668553
0.9809009
0.9012989
0.9343419
0.885358
0.8383062
0.9218129
0.95126754
0.74102145
0.921901
0.82071686
0.9000811
0.7896298
0.9478338
0.86831534
0.8601459
1.0406113
0.9602466
0.9127399
0.8698145
0.86828095
0.97257113
0.92933935
0.95793295
0.96439916
0.948762
0.871037
1.016117
0.94021714
0.83678806
0.8612895
0.9407198
0.8988635
0.89275664
0.9353158
0.885116
0.85770065
0.8780712
1.0065534
0.8364449
0.9142326
0.8722628
0.9014725
0.908165
1.0099008
0.8897879
0.78362054
0.9732132
0.84669447
0.8659191
0.82366836
0.98474336
0.8842736
0.8208499
0.8254498
0.98704576
0.8548467
0.91890234
1.0053977
0.8261831
0.9515726
0.9638768
0.8458737
0.888419
0.87740344
0.89491487
0.9726072
0.91451573
0.97291416
0.9882113
0.83985347
0.9650394
0.88143677
0.9636181
0.98149854
0.87772214
0.92788804
0.8695013
0.89976054
0.87435514
0.82746756
0.9007305
0.94586027
0.8080767
0.88561773
0.9214456
0.9277664
0.8218796
0.9254031
0.8623014
0.94641536
0.8494161
0.8641016
0.9028608
0.9160141
0.9261467
0.8211741
0.9040611
0.8994494
0.93830806
0.92597604
0.8504663
0.9016143
0.86752874
0.9410148
0.8548772
0.853507
0.91254663
0.81988615
0.9209725
0.7951219
0.8283032
0.8305094
0.87652624
0.8115226
0.8283838
0.88498753
0.8625713
0.9231889
0.80750436
0.8728396
0.9001155
0.92575824
0.8764947
0.8838872
0.9132334
0.9740317
0.954274
0.7428138
0.86579514
0.80047244
0.9285851
0.8662358
0.9935717
0.8946007
0.694375
0.8951537
0.9447537
0.88965213
0.8764777
0.97226626
0.916553
0.8775919
0.95007557
0.8712599
0.9488284
0.96804154
0.9776535
0.9619601
0.82767373
0.8859838
0.73902273
0.9413095
0.9567159
0.9393064
0.9077373
0.85751265
0.91556334
0.9422878
0.88461757
0.8987744
0.88474894
0.7690917
0.91310406
0.831696
0.9542277
0.83520174
1.0017613
0.87315875
0.9282165
0.91345555
0.90897673
0.90640855
0.9447084
0.89596105
0.9183468
0.8836391
0.95630133
0.91028583
0.9194419
0.8500852
0.82943064
0.85531247
0.9664232
0.8611935
0.8869854
0.9286791
0.9658975
0.9214954
1.028512
0.88391215
0.89546233
0.91654897
0.9366985
0.84207356
0.8826574
0.86714524
0.92419076
0.81079257
0.8790026
0.86929846
0.9514482
0.9572422
0.9170074
0.7770029
0.8448436
0.7464366
0.8476657
0.8805305
0.96982956
0.9280727
0.8681579
0.71296924
0.9441469
0.7984107
0.78676564
0.74978954
0.8520896
0.7940971
0.9464072
0.8171576
0.9902651
0.8683274
0.80228263
0.9020577
0.91894305
0.8898395
0.9359151
1.0199965
0.8565113
0.9210524
0.8668961
0.8564756
0.96835685
0.86071575
0.960555
0.91215855
0.82924
1.0107173
0.9063736
0.90531343
0.85470545
0.75799274
0.9304141
0.9298931
0.9245256
0.93164533
0.90378964
0.879572
0.83560425
0.8060636
0.9324309
0.94262314
0.9196253
0.9417292
0.8396597
0.85986125
0.86677986
0.9881993
0.9359335
1.0012299
0.9060015
0.9027122
0.88939476
0.8574464
0.85230166
0.81973183
0.95316744
0.9724638
0.9525055
0.88619524
0.85206443
0.9412414
0.9087105
0.89523214
0.8486112
0.9876953
0.913713
0.82297087
0.8502213
0.8872577
0.73922527
0.8603386
0.86883384
0.9428827
0.90807897
0.9913946
0.9413583
0.85452545
0.8445989
0.7735038
1.0462912
0.9089805
0.9266634
0.95768195
0.9153784
0.888867
0.8458361
1.0053385
0.9432147
0.9797328
0.85238004
0.90808994
0.8515449
0.94580257
0.8577446
0.9267366
0.9655103
0.89259416
0.86949575
0.98078257
0.92328876
0.9481269
0.95080066
0.8954939
0.82563156
0.89220196
0.75078356
0.90584415
0.9429137
0.84841627
0.8790839
0.8404214
0.90421426
0.8504831
0.88499594
0.93376523
0.88478196
0.8767742
0.9165252
0.8110163
0.9541783
0.89158833
0.8384412
0.75857604
0.8736136
0.93817437
0.99969035
0.9193772
0.8610482
0.8969064
0.794351
0.8620536
0.8569216
0.9814082
0.96760005
0.9133142
0.98792887
0.8926608
0.81237817
0.97377753
0.9508139
0.9432815
0.95226324
0.99850273
0.9371258
0.9203535
0.8440011
0.79421777
0.9875533
0.8801644
0.89950955
0.81536984
0.9554405
0.95039165
0.7927392
0.93100137
0.90055996
0.975822
0.9201685
1.0146543
0.90873104
0.987599
1.0065467
0.8581814
1.0219643
0.9535734
0.97167313
0.8930863
0.8914207
0.898095
0.95027846
0.8960841
0.8907628
0.9128024
0.7858622
0.8095021
0.90517527
0.89144653
0.8461003
0.9917919
0.87603176
0.85635495
0.9709514
0.9791948
0.9671047
0.83692974
0.82659745
0.895512
0.807157
0.77789325
0.87248766
1.000173
0.91782445
0.8979097
0.9923838
0.77954936
0.9169966
0.9014751
0.90080476
1.0108345
1.0129551
0.9885368
0.8417517
0.845621
0.83070344
0.9383411
1.0273643
0.84422535
0.9563762
0.93956274
0.95123017
0.9936903
0.93920887
0.9334796
0.9757104
0.92470145
0.9480731
0.9892797
0.89916575
0.9481368
0.94965357
0.916613
0.7810394
0.9178627
0.8415681
0.95522195
0.8925574
0.9952585
0.885199
0.84052396
1.0398642
0.76504564
0.824298
0.96085626
0.9455061
0.9505552
0.79328734
0.8472951
0.98166096
0.93358964
0.9089572
0.977179
0.85982794
0.8891641
0.8876854
0.8255924
0.87931854
0.8962754
0.86286646
0.87914336
0.9573826
0.8564835
0.80631065
0.8811693
0.92000365
0.8965054
0.9502814
0.9582107
0.87655604
0.8527216
0.96809006
0.86172724
0.9146949
0.97173184
0.9596013
0.93716866
0.95830923
1.0109832
0.79733807
0.91028166
0.886055
0.87672895
0.8732203
0.8887522
0.9399218
0.9455507
0.91707504
0.9595725
0.9210254
0.8923132
0.9941108
0.9212085
0.86691713
0.9045927
1.0276397
0.8127543
0.9385087
0.8760809
0.9221079
0.8366166
0.8896149
0.8442277
0.9643264
0.90734357
0.86994505
0.8721682
1.0088372
1.0053223
0.8556044
0.9027914
0.86710656
0.9476493
0.9305202
0.90235
0.9458741
0.8916355
0.7613026
1.0156906
0.916518
0.938845
0.90058744
0.89481735
0.9896983
0.9419641
0.94435817
0.8998371
0.85421383
0.910188
0.8043651
0.9214529
0.8217373
0.9378998
0.94467026
0.920815
0.9648754
0.9619552
0.87850934
0.9083293
0.94344145
0.95464706
0.9090136
0.8695518
0.9518368
0.90785694
0.96804065
0.8310512
0.8555735
0.8701489
0.91945946
0.9002338
0.9184633
0.87663925
0.981259
0.8605076
0.9459168
0.9148804
0.8662354
0.99984723
0.9683543
0.9930896
0.9610515
0.934183
0.87261295
0.9994593
0.8990822
0.960225
0.90463865
0.96890616
0.92611206
0.875499
0.9580386
0.839126
0.9628147
0.92465955
0.9298263
0.9480575
0.91055465
0.8880475
0.97021973
0.9149349
0.9396545
0.8614247
0.84901404
0.88009465
0.8594759
0.911973
0.8370359
0.9411032
0.9667979
0.8590974
0.90825176
0.9146262
0.9895386
0.7319923
0.9394402
0.89927495
0.88813275
1.0005012
0.87906027
0.88476133
0.968492
0.8441564
0.95394945
0.881264
0.89955854
0.8739464
0.83569777
0.92555356
0.9092677
0.941875
0.91429627
0.8895486
0.913257
1.0168138
0.87228984
0.9524659
0.67663354
0.8744815
0.8923171
0.8364302
0.87812513
0.9465016
0.82550997
0.9508705
0.9179545
0.8885154
0.9083012
0.8571967
0.9442564
0.9356055
0.9207919
1.0194333
0.97023654
0.909331
0.8974279
0.90664685
0.8725985
0.9212849
0.9673965
0.8352713
0.9159924
0.86409736
1.0058682
0.94688743
0.9423936
0.919986
0.90063673
0.940026
0.9219266
0.8834921
0.8682609
0.8646427
0.82642674
0.86761636
0.8763861
0.8816737
0.97631013
0.97171986
0.9551026
0.8563966
0.9744624
0.950208
0.8825368
0.95964885
0.92058104
0.9725177
0.8895327
0.91043574
0.9079043
0.8621338
1.0315794
0.8231789
0.98564374
0.9708429
0.93282425
0.8701035
0.86076075
0.8339206
0.86593604
0.9617149
0.9555253
0.93422127
1.0452205
0.9349188
0.85284925
0.79159534
0.958072
0.85686606
0.9361981
0.9700409
1.0310495
1.014552
0.9743408
0.8846562
0.9845516
0.9200823
0.9597727
0.8296932
0.9814083
0.99268526
0.9269062
0.901611
0.9662101
0.9597526
0.89627904
0.9084569
0.93672824
0.87447923
0.9260958
0.977066
0.90998185
0.9212172
0.95319504
0.8737968
0.889482
0.9458622
0.80490726
0.91179776
0.9437157
0.91616565
0.9691007
0.983779
0.9080665
0.91514033
0.89446765
0.91851467
0.8986983
0.8136448
0.9766158
0.93489176
0.847799
0.8938887
0.8925437
0.89309865
0.9010847
0.9726713
0.8365163
0.8542189
0.853166
0.90539575
0.9714947
0.9095869
0.9084112
0.87329763
0.8470868
0.94311154
0.863326
0.8898725
0.9493891
0.82761186
0.9315869
0.85929286
0.8380461
0.8911186
0.8055432
0.7948603
0.9085564
0.98523855
0.85048866
0.9638349
0.8538322
0.9611013
0.86441195
0.97216713
0.9737756
0.93590814
0.8838872
0.84304863
0.8766085
0.94048464
0.91360325
0.9399131
0.9290896
0.97194815
0.95359457
1.0576222
0.94127005
0.8428368
0.74601233
0.9509584
0.9210555
0.83732486
0.93355244
0.8641432
0.9346722
0.93417466
0.9882841
0.92130065
0.917228
0.891705
0.9254517
0.8150566
0.96655655
0.9477772
0.86935186
0.87773657
0.8412648
0.9603451
0.93247116
0.90599936
1.0122237
0.8976203
0.9079522
0.90145653
1.024297
0.9764155
0.92862105
1.0080191
0.85470635
1.0293653
0.9357522
0.9302563
0.82890075
1.0780265
0.8922368
0.86203295
0.9660273
0.9903181
0.8037804
0.89240944
0.93185896
0.8557425
0.94258446
0.9496731
0.8756176
0.9475913
0.8676038
0.946068
0.96654034
0.8611038
1.0080386
0.79682356
0.84822625
0.91466296
1.0305469
0.9003947
0.9297184
0.9135782
0.8164513
0.92693764
0.9097278
0.902951
0.8661366
0.948936
0.91807127
0.96693516
0.7836486
0.8855565
0.84964716
0.89074373
0.9176854
0.87657577
0.8756709
0.9700664
0.9681858
0.89748204
0.9161864
1.0797951
0.91482335
0.98966336
0.92772853
0.912259
0.9906378
0.84607774
0.9361942
0.8502185
0.98353016
0.79511297
1.0915878
0.78545433
0.74260545
0.8807211
0.91024804
0.90833825
0.876384
0.9524197
0.9612534
0.83522713
0.8722901
0.90927404
0.86831737
0.88550365
0.9762734
0.9581225
1.0319369
0.8714374
0.94367415
1.0776218
0.91663057
0.8382423
0.8792266
0.9397845
0.9387549
0.9753356
0.8384467
0.8583836
0.8380098
0.8773139
0.9664047
0.7789129
0.962168
0.83826035
0.77180916
0.9364261
0.8286353
0.95032585
0.8424624
0.8551498
0.8798722
0.89146215
0.90271026
0.90122736
0.9054149
0.9348406
0.97461873
0.90518755
0.84778243
1.0254295
0.9513751
0.8641319
0.9899907
0.93546903
0.88177395
0.834941
0.89071345
0.968579
0.9279864
0.8652375
0.81146926
0.88781995
0.90501815
0.95407903
0.86009014
0.88084227
0.8884042
0.8595908
0.909955
0.9413771
0.91784275
0.8887092
0.9293878
0.8788024
0.8290909
0.8668163
0.85997736
0.935163
0.88836926
0.82241994
0.8966896
0.8181738
0.9201537
0.93773144
0.9075299
0.8611319
0.86184806
0.9633823
0.82675344
0.9726869
0.9515768
0.8952468
0.8550575
0.9594147
0.9764809
0.9661918
0.8160793
0.87943816
0.95702124
0.8067325
0.9713186
0.9542007
0.94782865
0.9758826
0.9611868
0.93314147
0.8857047
0.88580763
0.7327101
0.8782736
0.99338776
0.9419065
0.9380343
0.98435605
0.9283009
0.93928427
0.9698773
0.96272403
0.8995114
0.9075417
0.81487906
0.9584657
0.93699443
0.8535375
1.0373144
0.9441699
0.97365886
0.98683274
0.8048313
0.9450098
0.89023787
0.9158703
0.9957725
0.87467927
0.88408846
0.9993054
0.92386943
0.9886352
0.94926167
0.85628986
0.9617506
0.92607445
0.8406364
0.9263529
0.9183624
0.82129985
0.9244146
0.86822176
0.94236374
0.88096017
0.89255667
0.9317941
0.9758197
0.9320036
0.8881176
0.8823867
0.8230168
0.7749148
0.8163248
0.8790491
0.9939247
0.92166007
0.9231662
0.9357314
0.91156226
0.8220562
0.9819797
0.80053514
0.8506842
0.8799504
0.92854875
0.87237686
0.93662494
0.92122465
0.8390905
0.9363217
0.8473174
0.8952275
0.9012614
0.8999224
0.8983384
0.9972824
0.9155116
0.77292454
0.90113145
0.9049152
0.95037395
0.77945054
0.87079024
0.9304166
1.0281839
0.90389365
0.9212168
0.8507139
0.75312424
0.9032219
1.0141684
0.94497275
0.83402884
1.0432668
0.8736505
0.8818854
0.92920077
0.9386122
0.9910115
0.93397754
0.9917723
0.90439516
0.92671406
0.94330144
0.9869674
0.9490909
0.9075001
0.96814764
0.88131493
0.9140096
0.90008765
1.0198509
0.8541386
0.9074259
0.91975445
1.0080608
0.8942557
0.88387156
0.8150119
0.8770984
0.9142033
0.9484171
0.9084457
0.9455931
0.8696012
0.8501394
0.94672793
0.88886964
0.93970174
0.90259653
0.90071195
0.9308941
0.9032767
0.99062157
0.90630794
0.95683646
0.9061522
0.74524176
0.8887776
0.89193827
0.8563339
0.71394724
0.9702942
0.79679996
0.93792254
1.061654
0.960689
0.84754723
0.8964987
0.92985356
0.99407774
0.9168171
0.92703485
0.79043996
0.80132776
0.8234106
0.80952805
0.9410731
0.9478762
0.95415604
1.023429
0.9342814
0.913188
0.9021681
0.8430323
0.97262853
0.90618145
0.94286674
0.91800845
0.8052281
0.88111246
0.9405819
0.9751201
0.93134516
0.88083524
1.0173898
0.9367185
0.99295956
0.92399514
0.9032205
0.87885153
1.0325116
0.937871
0.91721636
0.8578438
0.8714809
0.9535459
0.96831125
1.0077617
0.8886661
0.9118985
0.8651372
0.8268067
0.933007
0.9158824
0.93634
0.8765137
0.95259464
0.8911362
0.76964766
0.99447966
0.9156109
0.9742376
0.7680185
0.8866511
0.80428654
0.87842256
0.9270299
0.8958785
0.92272604
0.874522
0.92725456
0.903532
0.9792271
0.9388831
0.9476276
0.95772684
0.9711373
0.9700581
0.93694645
0.91180176
0.9183854
0.91655767
0.89671147
0.96402276
0.91995925
0.84177387
0.96507496
0.9004707
0.91335297
0.975427
0.8383507
0.83365124
0.97925925
0.96407634
0.80987793
0.8565164
0.86579454
0.9404784
0.82399505
0.90870947
0.9298915
0.9487789
0.96672094
0.9206063
0.8644533
0.89699775
0.90694964
0.93022376
0.9498153
0.89624053
0.9416002
0.98409843
0.8476254
0.8151234
0.7779499
0.8645253
0.8234396
0.8735347
0.8385402
0.96862406
0.8522946
0.93696475
0.94187915
0.9390618
0.97972226
0.86899674
0.82854664
0.9135553
0.9563643
0.9267049
0.9516183
0.92790383
0.96753013
0.8655927
0.8941403
0.8051939
0.8383335
0.9196496
1.0212533
0.9293317
0.94722736
0.8920984
0.986821
0.86576134
0.95696706
1.0512054
0.9060555
0.8777727
0.8515437
0.9681444
0.92856234
0.75530195
0.830013
0.92223126
0.8484611
0.86751246
0.97161704
0.8915934
0.8949101
0.8345577
0.8847785
0.80693454
0.9789263
0.8971737
0.8837417
0.9509327
0.8415488
0.9192668
0.8482222
0.9122032
0.9251634
0.90085465
0.97461885
1.0080876
0.9674178
0.8353601
0.99791265
0.7767049
0.80703497
0.90095913
0.83160514
0.8231093
0.9469101
0.9825676
0.87825406
0.89882183
0.93665516
0.8797905
0.93421596
0.95362586
0.8952406
1.0280646
0.96838325
0.91149616
0.9270629
0.9645873
0.72832686
0.8992043
0.7776066
0.9264365
0.9548999
0.9869731
0.7661766
0.9534799
0.9702478
0.9926709
0.944583
0.9479939
0.9193308
0.78510195
0.9526311
0.852404
0.91112447
0.9743338
0.94739074
0.84211993
0.93439925
0.7993497
0.8823063
0.9816051
0.93437076
0.93789476
0.8903429
0.851341
0.9992723
0.98780245
0.89702654
0.87375176
1.0681707
0.81643224
0.92920053
0.85146546
0.7180762
0.8451745
0.92054015
0.90431076
0.9784087
0.9794675
0.9964529
0.84999514
0.8939151
0.9672697
0.98808694
0.8197317
0.9746598
0.953849
0.84704506
0.93294024
0.9539216
0.9724008
0.85242796
0.93663627
0.9269561
0.81478524
0.9769438
0.91969514
0.9879102
0.9755381
0.8794732
0.86858964
0.9309717
0.955833
0.89781827
0.83112574
0.9522613
0.9238325
0.90488964
0.96405524
0.9812808
0.904977
0.9402269
0.98492765
0.97423947
0.9967633
0.81441
0.8905323
0.93576634
0.7963914
0.8294709
0.8863629
0.7430385
0.9281263
0.8437157
0.8838616
0.80092156
0.934375
0.9529035
0.99405944
0.9072834
0.8797746
0.9558533
1.0062056
0.8567916
0.95252305
0.9338607
0.8703631
0.8256733
0.8943299
1.058444
0.98785615
0.9184034
0.91352123
0.94647706
0.86374223
0.8657883
0.9600811
1.0604054
0.86164725
0.9167109
0.9836492
0.9644451
0.97719383
0.8304027
0.8460585
1.0326195
0.92029244
0.8888892
0.90694124
0.945339
0.9275627
0.9589513
0.9862115
0.92558026
0.9413944
0.97398555
0.95523316
0.7723115
0.8275748
0.78740716
0.9354669
0.8713246
0.8634509
1.086561
0.8266285
0.9350168
0.95788187
0.84389704
0.8668436
0.84981954
0.95482075
0.90050626
0.9106649
0.88960654
0.8590727
0.85305446
0.893153
0.88897574
0.88897574
0.8657685
0.92255855
0.87494195
0.88972783
1.0155545
0.8399395
0.8224325
0.86586446
0.87040097
0.9527636
0.82728773
0.9030763
0.77527505
0.8105095
0.8282509
0.7613529
0.9182383
0.821282
0.9955428
0.7665669
0.8285842
0.7906532
0.809984
0.94487715
0.90454745
0.79150194
0.8307038
0.8307038
0.84381425
0.82768255
0.7690342
0.9422378
0.90570235
0.86799157
0.9459344
0.8709379
0.8586787
0.85286534
0.8581725
0.8765685
0.8125964
0.7892118
0.8080536
0.89876014
